339 506 0 0
482 512 6.25 0
612 516 12.5 0
372 533 1.5625 1.5625
480 536 6.25 1.5625
586 539 10.937 1.5625
404 562 3.125 3.125
484 564 6.25 3.125
556 569 9.375 3.125
444 593 4.6875 4.6875
485 597 6.25 4.6875
522 597 7.8125 4.6875
314 625 0 6.25
357 627 1.5625 6.25
401 628 3.125 6.25
443 628 4.6875 6.25
487 628 6.25 6.25
525 630 7.8125 6.25
567 630 9.375 6.25
608 633 10.937 6.25
645 634 12.5 6.25
442 667 4.6875 7.8125
488 667 6.25 7.8125
529 667 7.8125 7.8125
392 708 3.125 9.375
487 707 6.25 9.375
578 708 9.375 9.375
338 755 1.5625 10.937
489 753 6.25 10.937
631 751 10.937 10.937
276 811 0 12.5
493 808 6.25 12.5
688 802 12.5 12.5
