281 732 0 0
343 622 6.25 0
401 530 12.5 0
320 711 1.5625 1.5625
367 628 6.25 1.5625
408 555 10.937 1.5625
358 692 3.125 3.125
391 634 6.25 3.125
419 584 9.375 3.125
400 670 4.6875 4.6875
415 643 6.25 4.6875
430 613 7.8125 4.6875
374 782 0 6.25
391 744 1.5625 6.25
411 711 3.125 6.25
424 681 4.6875 6.25
443 648 6.25 6.25
456 620 7.8125 6.25
470 593 9.375 6.25
482 564 10.937 6.25
494 540 12.5 6.25
455 690 4.6875 7.8125
469 656 6.25 7.8125
484 627 7.8125 7.8125
471 736 3.125 9.375
500 665 6.25 9.375
528 602 9.375 9.375
489 792 1.5625 10.937
536 674 6.25 10.937
576 579 10.937 10.937
510 853 0 12.5
573 685 6.25 12.5
619 554 12.5 12.5
