338 476 0 0
483 510 6.25 0
591 531 12.5 0
380 507 1.5625 1.5625
492 530 6.25 1.5625
580 548 10.937 1.5625
427 540 3.125 3.125
498 552 6.25 3.125
562 564 9.375 3.125
476 576 4.6875 4.6875
511 582 6.25 4.6875
544 585 7.8125 4.6875
347 589 0 6.25
395 595 1.5625 6.25
442 601 3.125 6.25
483 604 4.6875 6.25
522 609 6.25 6.25
558 614 7.8125 6.25
590 617 9.375 6.25
621 618 10.937 6.25
645 621 12.5 6.25
496 640 4.6875 7.8125
536 641 6.25 7.8125
570 645 7.8125 7.8125
464 679 3.125 9.375
552 680 6.25 9.375
625 682 9.375 9.375
417 730 1.5625 10.937
571 725 6.25 10.937
678 719 10.937 10.937
361 802 0 12.5
593 777 6.25 12.5
731 758 12.5 12.5
