373 632 0 0
479 637 6.25 0
580 641 12.5 0
397 642 1.5625 1.5625
480 646 6.25 1.5625
561 648 10.937 1.5625
424 649 3.125 3.125
483 652 6.25 3.125
539 656 9.375 3.125
451 660 4.6875 4.6875
481 664 6.25 4.6875
511 664 7.8125 4.6875
347 668 0 6.25
379 670 1.5625 6.25
414 674 3.125 6.25
450 673 4.6875 6.25
482 674 6.25 6.25
517 676 7.8125 6.25
547 677 9.375 6.25
584 679 10.937 6.25
613 681 12.5 6.25
447 686 4.6875 7.8125
485 689 6.25 7.8125
520 690 7.8125 7.8125
404 701 3.125 9.375
486 703 6.25 9.375
563 707 9.375 9.375
353 716 1.5625 10.937
488 724 6.25 10.937
619 726 10.937 10.937
287 739 0 12.5
491 744 6.25 12.5
684 756 12.5 12.5
