414 599 0 0
510 619 6.25 0
617 640 12.5 0
428 611 1.5625 1.5625
501 626 6.25 1.5625
585 645 10.937 1.5625
439 621 3.125 3.125
495 633 6.25 3.125
553 645 9.375 3.125
456 634 4.6875 4.6875
486 642 6.25 4.6875
515 648 7.8125 4.6875
358 624 0 6.25
382 630 1.5625 6.25
414 637 3.125 6.25
442 644 4.6875 6.25
474 651 6.25 6.25
509 659 7.8125 6.25
544 666 9.375 6.25
578 675 10.937 6.25
615 680 12.5 6.25
430 655 4.6875 7.8125
464 662 6.25 7.8125
499 671 7.8125 7.8125
382 657 3.125 9.375
449 675 6.25 9.375
530 695 9.375 9.375
321 662 1.5625 10.937
434 692 6.25 10.937
566 725 10.937 10.937
252 666 0 12.5
412 710 6.25 12.5
617 768 12.5 12.5
