433 522 0 0
518 577 6.25 0
603 633 12.5 0
444 543 1.5625 1.5625
515 592 6.25 1.5625
582 634 10.937 1.5625
461 573 3.125 3.125
508 604 6.25 3.125
554 633 9.375 3.125
476 601 4.6875 4.6875
501 617 6.25 4.6875
526 632 7.8125 4.6875
383 561 0 6.25
411 582 1.5625 6.25
440 598 3.125 6.25
467 617 4.6875 6.25
496 636 6.25 6.25
521 651 7.8125 6.25
548 668 9.375 6.25
574 685 10.937 6.25
600 702 12.5 6.25
457 634 4.6875 7.8125
487 653 6.25 7.8125
516 667 7.8125 7.8125
414 635 3.125 9.375
479 674 6.25 9.375
539 711 9.375 9.375
361 634 1.5625 10.937
466 697 6.25 10.937
565 757 10.937 10.937
303 634 0 12.5
455 726 6.25 12.5
596 811 12.5 12.5
