-81 -180
-80 -180
-79 -180
-4 -180
-3 -180
-2 -180
-81 -179
-80 -179
-79 -179
-78 -179
-7 -179
-6 -179
-5 -179
-4 -179
-81 -178
-80 -178
-79 -178
-78 -178
-10 -178
-9 -178
-8 -178
-7 -178
-80 -177
-79 -177
-78 -177
-77 -177
-13 -177
-12 -177
-11 -177
-10 -177
-80 -176
-79 -176
-78 -176
-77 -176
-76 -176
-16 -176
-15 -176
-14 -176
-13 -176
-79 -175
-78 -175
-77 -175
-76 -175
-75 -175
-19 -175
-18 -175
-17 -175
-16 -175
-79 -174
-78 -174
-77 -174
-76 -174
-75 -174
-74 -174
-23 -174
-22 -174
-21 -174
-20 -174
-19 -174
-78 -173
-77 -173
-76 -173
-75 -173
-74 -173
-73 -173
-28 -173
-27 -173
-26 -173
-25 -173
-24 -173
-23 -173
-77 -172
-76 -172
-75 -172
-74 -172
-73 -172
-72 -172
-71 -172
-32 -172
-31 -172
-30 -172
-29 -172
-28 -172
-27 -172
-76 -171
-75 -171
-74 -171
-73 -171
-72 -171
-71 -171
-70 -171
-69 -171
-38 -171
-37 -171
-36 -171
-35 -171
-34 -171
-33 -171
-32 -171
-31 -171
-74 -170
-73 -170
-72 -170
-71 -170
-70 -170
-69 -170
-68 -170
-67 -170
-66 -170
-65 -170
-45 -170
-44 -170
-43 -170
-42 -170
-41 -170
-40 -170
-39 -170
-38 -170
-37 -170
-36 -170
-73 -169
-72 -169
-71 -169
-70 -169
-69 -169
-68 -169
-67 -169
-66 -169
-65 -169
-64 -169
-63 -169
-62 -169
-61 -169
-60 -169
-59 -169
-58 -169
-57 -169
-56 -169
-55 -169
-54 -169
-53 -169
-52 -169
-51 -169
-50 -169
-49 -169
-48 -169
-47 -169
-46 -169
-45 -169
-44 -169
-43 -169
-42 -169
-41 -169
-70 -168
-69 -168
-68 -168
-67 -168
-66 -168
-65 -168
-64 -168
-63 -168
-62 -168
-61 -168
-60 -168
-59 -168
-58 -168
-57 -168
-56 -168
-55 -168
-54 -168
-53 -168
-52 -168
-51 -168
-50 -168
-49 -168
-48 -168
-47 -168
-63 -167
-62 -167
-61 -167
-60 -167
-59 -167
-58 -167
-63 38
-62 38
-61 38
-60 38
-59 38
-58 38
-70 39
-69 39
-68 39
-67 39
-66 39
-65 39
-64 39
-63 39
-62 39
-61 39
-60 39
-59 39
-58 39
-57 39
-56 39
-55 39
-54 39
-53 39
-52 39
-51 39
-50 39
-49 39
-48 39
-47 39
-73 40
-72 40
-71 40
-70 40
-69 40
-68 40
-67 40
-66 40
-65 40
-64 40
-63 40
-62 40
-61 40
-60 40
-59 40
-58 40
-57 40
-56 40
-55 40
-54 40
-53 40
-52 40
-51 40
-50 40
-49 40
-48 40
-47 40
-46 40
-45 40
-44 40
-43 40
-42 40
-41 40
-74 41
-73 41
-72 41
-71 41
-70 41
-69 41
-68 41
-67 41
-66 41
-65 41
-45 41
-44 41
-43 41
-42 41
-41 41
-40 41
-39 41
-38 41
-37 41
-36 41
-76 42
-75 42
-74 42
-73 42
-72 42
-71 42
-70 42
-69 42
-38 42
-37 42
-36 42
-35 42
-34 42
-33 42
-32 42
-31 42
-77 43
-76 43
-75 43
-74 43
-73 43
-72 43
-71 43
-32 43
-31 43
-30 43
-29 43
-28 43
-27 43
-78 44
-77 44
-76 44
-75 44
-74 44
-73 44
-28 44
-27 44
-26 44
-25 44
-24 44
-23 44
-79 45
-78 45
-77 45
-76 45
-75 45
-74 45
-23 45
-22 45
-21 45
-20 45
-19 45
-79 46
-78 46
-77 46
-76 46
-75 46
-19 46
-18 46
-17 46
-16 46
-80 47
-79 47
-78 47
-77 47
-76 47
-16 47
-15 47
-14 47
-13 47
-80 48
-79 48
-78 48
-77 48
-13 48
-12 48
-11 48
-10 48
-81 49
-80 49
-79 49
-78 49
-10 49
-9 49
-8 49
-7 49
-81 50
-80 50
-79 50
-78 50
-7 50
-6 50
-5 50
-4 50
-81 51
-80 51
-79 51
-4 51
-3 51
-2 51
-82 52
-81 52
-80 52
-1 52
0 52
1 52
-82 53
-81 53
-80 53
1 53
2 53
3 53
-82 54
-81 54
-80 54
3 54
4 54
5 54
-83 55
-82 55
-81 55
5 55
6 55
7 55
-83 56
-82 56
-81 56
7 56
8 56
9 56
-83 57
-82 57
-81 57
9 57
10 57
11 57
-83 58
-82 58
11 58
12 58
-83 59
-82 59
13 59
14 59
-84 60
-83 60
-82 60
14 60
15 60
16 60
-84 61
-83 61
-82 61
16 61
17 61
-84 62
-83 62
17 62
18 62
19 62
-84 63
-83 63
19 63
20 63
-84 64
-83 64
20 64
21 64
-84 65
-83 65
21 65
22 65
-84 66
-83 66
23 66
24 66
-84 67
24 67
25 67
-85 68
-84 68
25 68
26 68
-85 69
-84 69
26 69
27 69
-85 70
-84 70
27 70
28 70
-85 71
-84 71
28 71
29 71
-85 72
-84 72
29 72
-85 73
-84 73
30 73
-85 74
-84 74
30 74
31 74
-85 75
-84 75
31 75
32 75
-85 76
32 76
33 76
-85 77
33 77
-85 78
33 78
34 78
-85 79
34 79
35 79
-85 80
35 80
-86 81
-85 81
35 81
36 81
-86 82
-85 82
36 82
-86 83
-85 83
36 83
37 83
-86 84
-85 84
37 84
-86 85
-85 85
37 85
38 85
-86 86
-85 86
38 86
-86 87
-85 87
38 87
39 87
-86 88
-85 88
39 88
-86 89
-85 89
39 89
40 89
-86 90
-85 90
40 90
-86 91
-85 91
40 91
-86 92
40 92
41 92
-86 93
41 93
-86 94
41 94
-86 95
41 95
42 95
-86 96
42 96
-86 97
42 97
-86 98
42 98
-86 99
42 99
43 99
-86 100
43 100
-86 101
43 101
-86 102
43 102
-86 103
43 103
-86 104
43 104
44 104
-86 105
43 105
44 105
-86 106
44 106
-86 107
44 107
-86 108
44 108
-86 109
44 109
-86 110
44 110
-86 111
44 111
-86 112
44 112
-86 113
44 113
-86 114
44 114
-86 115
44 115
-86 116
44 116
-86 117
44 117
-86 118
44 118
-86 119
44 119
-86 120
44 120
-86 121
44 121
-86 122
44 122
-86 123
44 123
-86 124
44 124
-86 125
44 125
-86 126
43 126
44 126
-86 127
43 127
44 127
-86 128
43 128
-86 129
43 129
-86 130
43 130
-86 131
43 131
-86 132
42 132
43 132
-86 133
42 133
-86 134
42 134
-86 135
42 135
-86 136
41 136
42 136
-86 137
41 137
-86 138
41 138
-86 139
40 139
41 139
-86 140
-85 140
40 140
-86 141
-85 141
40 141
-86 142
-85 142
39 142
40 142
-86 143
-85 143
39 143
-86 144
-85 144
38 144
39 144
-86 145
-85 145
38 145
-86 146
-85 146
37 146
38 146
-86 147
-85 147
37 147
-86 148
-85 148
36 148
37 148
-86 149
-85 149
36 149
-86 150
-85 150
35 150
36 150
-85 151
35 151
-85 152
34 152
35 152
-85 153
33 153
34 153
-85 154
33 154
-85 155
32 155
33 155
-85 156
-84 156
31 156
32 156
-85 157
-84 157
30 157
31 157
-85 158
-84 158
30 158
-85 159
-84 159
29 159
-85 160
-84 160
28 160
29 160
-85 161
-84 161
27 161
28 161
-85 162
-84 162
26 162
27 162
-85 163
-84 163
25 163
26 163
-84 164
24 164
25 164
-84 165
-83 165
23 165
24 165
-84 166
-83 166
21 166
22 166
-84 167
-83 167
20 167
21 167
-84 168
-83 168
19 168
20 168
-84 169
-83 169
17 169
18 169
19 169
-84 170
-83 170
-82 170
16 170
17 170
-84 171
-83 171
-82 171
14 171
15 171
16 171
-83 172
-82 172
13 172
14 172
-83 173
-82 173
11 173
12 173
-83 174
-82 174
-81 174
9 174
10 174
11 174
-83 175
-82 175
-81 175
7 175
8 175
9 175
-83 176
-82 176
-81 176
5 176
6 176
7 176
-82 177
-81 177
-80 177
3 177
4 177
5 177
-82 178
-81 178
-80 178
1 178
2 178
3 178
-82 179
-81 179
-80 179
-1 179
0 179
1 179
-81 180
-80 180
-79 180
-4 180
-3 180
-2 180
