-50.20000000000226 -38.94999999999325
-50.150000000002265 -38.94999999999325
-50.10000000000227 -38.94999999999325
-50.05000000000227 -38.94999999999325
-50.000000000002274 -38.94999999999325
-49.95000000000228 -38.94999999999325
-49.90000000000228 -38.94999999999325
-46.20000000000249 -38.94999999999325
-46.15000000000249 -38.94999999999325
-46.100000000002495 -38.94999999999325
-46.0500000000025 -38.94999999999325
-46.0000000000025 -38.94999999999325
-45.950000000002504 -38.94999999999325
-45.90000000000251 -38.94999999999325
-51.45000000000219 -38.899999999993256
-51.400000000002194 -38.899999999993256
-51.3500000000022 -38.899999999993256
-51.3000000000022 -38.899999999993256
-44.65000000000258 -38.899999999993256
-44.60000000000258 -38.899999999993256
-44.55000000000258 -38.899999999993256
-44.500000000002586 -38.899999999993256
-44.45000000000259 -38.899999999993256
-52.35000000000214 -38.84999999999326
-52.30000000000214 -38.84999999999326
-52.250000000002146 -38.84999999999326
-52.20000000000215 -38.84999999999326
-43.55000000000264 -38.84999999999326
-43.50000000000264 -38.84999999999326
-43.450000000002646 -38.84999999999326
-53.0500000000021 -38.79999999999326
-53.0000000000021 -38.79999999999326
-52.950000000002106 -38.79999999999326
-42.65000000000269 -38.79999999999326
-42.600000000002694 -38.79999999999326
-42.5500000000027 -38.79999999999326
-53.650000000002066 -38.749999999993264
-53.60000000000207 -38.749999999993264
-41.900000000002734 -38.749999999993264
-41.85000000000274 -38.749999999993264
-41.80000000000274 -38.749999999993264
-54.200000000002035 -38.69999999999327
-54.15000000000204 -38.69999999999327
-41.200000000002774 -38.69999999999327
-41.15000000000278 -38.69999999999327
-54.70000000000201 -38.64999999999327
-54.65000000000201 -38.64999999999327
-40.55000000000281 -38.64999999999327
-40.500000000002814 -38.64999999999327
-55.100000000001984 -38.59999999999327
-39.950000000002845 -38.59999999999327
-39.90000000000285 -38.59999999999327
-55.55000000000196 -38.549999999993275
-55.50000000000196 -38.549999999993275
-39.400000000002876 -38.549999999993275
-39.35000000000288 -38.549999999993275
-55.90000000000194 -38.49999999999328
-38.85000000000291 -38.49999999999328
-56.300000000001916 -38.44999999999328
-56.25000000000192 -38.44999999999328
-38.350000000002936 -38.44999999999328
-56.6000000000019 -38.399999999993284
-37.850000000002964 -38.399999999993284
-56.95000000000188 -38.34999999999329
-56.90000000000188 -38.34999999999329
-37.40000000000299 -38.34999999999329
-57.25000000000186 -38.29999999999329
-57.200000000001864 -38.29999999999329
-36.950000000003016 -38.29999999999329
-57.550000000001845 -38.24999999999329
-57.50000000000185 -38.24999999999329
-36.50000000000304 -38.24999999999329
-57.80000000000183 -38.199999999993295
-36.100000000003064 -38.199999999993295
-36.05000000000307 -38.199999999993295
-58.10000000000181 -38.1499999999933
-58.050000000001816 -38.1499999999933
-35.65000000000309 -38.1499999999933
-58.3500000000018 -38.0999999999933
-35.25000000000311 -38.0999999999933
-58.600000000001785 -38.049999999993304
-34.850000000003135 -38.049999999993304
-58.85000000000177 -37.99999999999331
-34.500000000003155 -37.99999999999331
-59.05000000000176 -37.94999999999331
-34.10000000000318 -37.94999999999331
-59.300000000001745 -37.89999999999331
-33.7500000000032 -37.89999999999331
-59.500000000001734 -37.849999999993315
-33.40000000000322 -37.849999999993315
-33.35000000000322 -37.849999999993315
-59.75000000000172 -37.79999999999332
-33.00000000000324 -37.79999999999332
-59.95000000000171 -37.74999999999332
-32.70000000000326 -37.74999999999332
-32.65000000000326 -37.74999999999332
-60.1500000000017 -37.699999999993324
-32.35000000000328 -37.699999999993324
-60.350000000001685 -37.64999999999333
-32.0000000000033 -37.64999999999333
-60.550000000001674 -37.59999999999333
-31.650000000003292 -37.59999999999333
-60.700000000001666 -37.54999999999333
-31.350000000003288 -37.54999999999333
-60.900000000001654 -37.499999999993335
-31.000000000003283 -37.499999999993335
-61.10000000000164 -37.44999999999334
-30.70000000000328 -37.44999999999334
-61.250000000001634 -37.39999999999334
-30.400000000003274 -37.39999999999334
-30.10000000000327 -37.349999999993344
-61.600000000001614 -37.29999999999335
-29.800000000003266 -37.29999999999335
-61.750000000001606 -37.24999999999335
-29.50000000000326 -37.24999999999335
-61.9000000000016 -37.19999999999335
-29.200000000003257 -37.19999999999335
-28.900000000003253 -37.149999999993355
-28.60000000000325 -37.09999999999336
-28.300000000003244 -37.04999999999336
-28.05000000000324 -36.99999999999336
-27.750000000003237 -36.949999999993366
-62.800000000001546 -36.89999999999337
-27.500000000003233 -36.89999999999337
-62.95000000000154 -36.84999999999337
-27.20000000000323 -36.84999999999337
-63.10000000000153 -36.799999999993375
-26.950000000003225 -36.799999999993375
-26.65000000000322 -36.74999999999338
-63.350000000001515 -36.69999999999338
-26.400000000003217 -36.69999999999338
-63.500000000001506 -36.64999999999338
-26.150000000003214 -36.64999999999338
-63.75000000000149 -36.54999999999339
-25.350000000003202 -36.49999999999339
-64.00000000000148 -36.449999999993395
-25.1000000000032 -36.449999999993395
-64.10000000000147 -36.3999999999934
-24.850000000003195 -36.3999999999934
-64.25000000000146 -36.3499999999934
-24.60000000000319 -36.3499999999934
-64.35000000000146 -36.2999999999934
-24.350000000003188 -36.2999999999934
-64.60000000000144 -36.19999999999341
-64.70000000000144 -36.14999999999341
-23.65000000000318 -36.14999999999341
-64.80000000000143 -36.099999999993415
-23.400000000003175 -36.099999999993415
-23.15000000000317 -36.04999999999342
-65.15000000000141 -35.94999999999342
-22.700000000003165 -35.94999999999342
-65.2500000000014 -35.899999999993426
-22.45000000000316 -35.899999999993426
-65.3500000000014 -35.84999999999343
-65.4500000000014 -35.79999999999343
-22.000000000003155 -35.79999999999343
-65.55000000000139 -35.749999999993435
-65.65000000000138 -35.69999999999344
-21.55000000000315 -35.69999999999344
-65.75000000000138 -35.64999999999344
-65.85000000000137 -35.59999999999344
-21.100000000003142 -35.59999999999344
-65.95000000000137 -35.549999999993446
-66.05000000000136 -35.49999999999345
-20.650000000003136 -35.49999999999345
-20.450000000003133 -35.44999999999345
-20.000000000003126 -35.34999999999346
-66.40000000000134 -35.29999999999346
-19.800000000003124 -35.29999999999346
-66.50000000000134 -35.24999999999346
-66.60000000000133 -35.199999999993466
-19.150000000003114 -35.14999999999347
-18.95000000000311 -35.09999999999347
-66.85000000000132 -35.049999999993474
-18.75000000000311 -35.049999999993474
-66.95000000000131 -34.99999999999348
-18.550000000003106 -34.99999999999348
-67.1000000000013 -34.89999999999348
-67.2000000000013 -34.849999999993486
-67.35000000000129 -34.74999999999349
-67.50000000000128 -34.6499999999935
-67.60000000000127 -34.5999999999935
-67.75000000000126 -34.499999999993506
-16.550000000003077 -34.499999999993506
-16.350000000003075 -34.44999999999351
-67.90000000000126 -34.39999999999351
-16.15000000000307 -34.39999999999351
-15.950000000003069 -34.349999999993514
-68.05000000000125 -34.29999999999352
-68.20000000000124 -34.19999999999352
-15.400000000003061 -34.19999999999352
-15.200000000003058 -34.149999999993526
-68.40000000000123 -34.04999999999353
-14.65000000000305 -33.999999999993534
-68.55000000000122 -33.94999999999354
-14.100000000003043 -33.84999999999354
-68.75000000000121 -33.799999999993545
-13.550000000003035 -33.69999999999355
-68.9500000000012 -33.649999999993554
-13.20000000000303 -33.59999999999356
-69.15000000000119 -33.49999999999356
-12.850000000003025 -33.49999999999356
-69.20000000000118 -33.449999999993565
-12.50000000000302 -33.39999999999357
-69.40000000000117 -33.299999999993574
-12.150000000003015 -33.299999999993574
-69.45000000000117 -33.24999999999358
-11.80000000000301 -33.19999999999358
-11.650000000003008 -33.14999999999358
-69.65000000000116 -33.099999999993585
-69.70000000000115 -33.04999999999359
-11.300000000003003 -33.04999999999359
-69.75000000000115 -32.99999999999359
-10.800000000002996 -32.8999999999936
-70.00000000000114 -32.7999999999936
-70.05000000000113 -32.749999999993605
-10.300000000002989 -32.749999999993605
-70.10000000000113 -32.69999999999361
-10.150000000002986 -32.69999999999361
-9.65000000000298 -32.54999999999362
-9.500000000002977 -32.49999999999362
-70.50000000000111 -32.34999999999363
-70.5500000000011 -32.29999999999363
-8.850000000002968 -32.29999999999363
-70.6000000000011 -32.24999999999363
-8.700000000002966 -32.24999999999363
-70.6500000000011 -32.199999999993636
-8.550000000002964 -32.199999999993636
-70.7000000000011 -32.14999999999364
-70.7500000000011 -32.09999999999364
-70.80000000000109 -32.049999999993645
-70.85000000000109 -31.999999999993644
-70.90000000000109 -31.949999999993643
-70.95000000000108 -31.899999999993643
-71.00000000000108 -31.849999999993642
-7.450000000002958 -31.849999999993642
-71.05000000000108 -31.79999999999364
-7.300000000002958 -31.79999999999364
-71.10000000000107 -31.74999999999364
-7.150000000002959 -31.74999999999364
-71.15000000000107 -31.69999999999364
-7.000000000002959 -31.69999999999364
-71.20000000000107 -31.64999999999364
-6.85000000000296 -31.64999999999364
-71.25000000000107 -31.59999999999364
-6.7000000000029605 -31.59999999999364
-71.30000000000106 -31.549999999993638
-6.550000000002961 -31.549999999993638
-71.35000000000106 -31.499999999993637
-6.4000000000029615 -31.499999999993637
-71.40000000000106 -31.449999999993636
-71.45000000000105 -31.399999999993636
-71.50000000000105 -31.349999999993635
-5.250000000002966 -31.09999999999363
-5.100000000002966 -31.04999999999363
-4.950000000002967 -30.99999999999363
-71.85000000000103 -30.94999999999363
-71.90000000000103 -30.89999999999363
-71.95000000000103 -30.849999999993628
-4.400000000002969 -30.799999999993627
-4.250000000002969 -30.749999999993626
-72.20000000000101 -30.549999999993624
-3.700000000002971 -30.549999999993624
-72.25000000000101 -30.499999999993623
-3.5500000000029717 -30.499999999993623
-3.150000000002973 -30.34999999999362
-72.450000000001 -30.24999999999362
-72.500000000001 -30.19999999999362
-2.7500000000029745 -30.19999999999362
-2.600000000002975 -30.149999999993618
-2.350000000002976 -30.049999999993616
-72.65000000000099 -29.999999999993616
-72.70000000000098 -29.949999999993615
-1.9500000000029771 -29.899999999993614
-72.80000000000098 -29.799999999993613
-72.85000000000097 -29.749999999993612
-1.5500000000029768 -29.749999999993612
-1.3000000000029766 -29.64999999999361
-73.00000000000097 -29.54999999999361
-0.9000000000029762 -29.49999999999361
-0.650000000002976 -29.399999999993607
-73.15000000000096 -29.349999999993607
-0.40000000000297586 -29.299999999993606
-73.25000000000095 -29.199999999993604
-0.15000000000297592 -29.199999999993604
-73.30000000000095 -29.149999999993604
0.0999999999970241 -29.099999999993603
-73.40000000000094 -28.9999999999936
0.3499999999970241 -28.9999999999936
0.5999999999970241 -28.8999999999936
-73.50000000000094 -28.8499999999936
-73.60000000000093 -28.699999999993597
-73.65000000000093 -28.649999999993597
1.1999999999970246 -28.649999999993597
1.4499999999970248 -28.549999999993595
-73.75000000000092 -28.499999999993594
1.799999999997025 -28.399999999993593
-73.85000000000092 -28.349999999993592
-73.90000000000092 -28.24999999999359
2.149999999997025 -28.24999999999359
-74.00000000000091 -28.09999999999359
2.4999999999970237 -28.09999999999359
-74.1000000000009 -27.949999999993587
2.8499999999970225 -27.949999999993587
-74.2000000000009 -27.799999999993585
3.1999999999970212 -27.799999999993585
-74.2500000000009 -27.699999999993583
3.6499999999970196 -27.59999999999358
-74.35000000000089 -27.54999999999358
4.099999999997018 -27.39999999999358
-74.50000000000088 -27.299999999993577
4.549999999997016 -27.199999999993576
4.649999999997016 -27.149999999993575
-74.65000000000087 -27.049999999993574
-74.70000000000087 -26.949999999993572
5.199999999997014 -26.89999999999357
5.299999999997014 -26.84999999999357
-74.85000000000086 -26.69999999999357
-74.90000000000086 -26.599999999993567
5.9499999999970115 -26.549999999993567
-74.95000000000086 -26.499999999993566
6.049999999997011 -26.499999999993566
6.149999999997011 -26.449999999993565
-75.15000000000084 -26.14999999999356
-75.20000000000084 -26.04999999999356
-75.25000000000084 -25.949999999993558
-75.30000000000084 -25.849999999993557
7.499999999997006 -25.799999999993556
-75.35000000000083 -25.749999999993555
7.599999999997006 -25.749999999993555
7.699999999997005 -25.699999999993555
-75.40000000000083 -25.649999999993554
7.799999999997005 -25.649999999993554
7.8999999999970045 -25.599999999993553
-75.45000000000083 -25.549999999993553
7.999999999997004 -25.549999999993553
8.099999999997005 -25.499999999993552
-75.50000000000082 -25.44999999999355
-75.55000000000082 -25.34999999999355
-75.60000000000082 -25.24999999999355
-75.65000000000082 -25.149999999993547
-75.70000000000081 -25.049999999993545
-75.75000000000081 -24.949999999993544
-75.80000000000081 -24.849999999993543
9.449999999997024 -24.799999999993542
-75.8500000000008 -24.74999999999354
9.549999999997025 -24.74999999999354
10.199999999997035 -24.399999999993536
10.299999999997036 -24.349999999993535
-76.0500000000008 -24.299999999993535
-76.10000000000079 -24.199999999993533
10.849999999997044 -24.04999999999353
-76.25000000000078 -23.84999999999353
11.29999999999705 -23.799999999993528
-76.30000000000078 -23.749999999993527
11.749999999997057 -23.549999999993524
-76.40000000000077 -23.499999999993523
-76.45000000000077 -23.399999999993522
12.099999999997062 -23.34999999999352
-76.55000000000076 -23.14999999999352
12.449999999997067 -23.14999999999352
12.69999999999707 -22.999999999993516
-76.65000000000076 -22.899999999993515
13.049999999997075 -22.799999999993513
-76.75000000000075 -22.64999999999351
13.299999999997079 -22.64999999999351
13.549999999997082 -22.49999999999351
-76.85000000000075 -22.399999999993508
13.799999999997086 -22.349999999993507
14.04999999999709 -22.199999999993505
-76.95000000000074 -22.149999999993504
14.299999999997093 -22.049999999993503
-77.00000000000074 -21.999999999993502
14.699999999997098 -21.7999999999935
-77.10000000000073 -21.7499999999935
-77.15000000000073 -21.599999999993496
15.099999999997104 -21.549999999993496
15.249999999997106 -21.449999999993494
-77.30000000000072 -21.19999999999349
15.649999999997112 -21.19999999999349
15.799999999997114 -21.09999999999349
-77.35000000000072 -21.04999999999349
-77.40000000000072 -20.899999999993486
-77.45000000000071 -20.749999999993484
-77.50000000000071 -20.599999999993482
-77.55000000000071 -20.44999999999348
-77.6000000000007 -20.299999999993478
-77.6500000000007 -20.149999999993476
-77.7000000000007 -19.999999999993474
17.449999999997136 -19.999999999993474
17.599999999997138 -19.899999999993472
-77.7500000000007 -19.84999999999347
17.74999999999714 -19.79999999999347
-77.8000000000007 -19.69999999999347
-77.85000000000069 -19.549999999993467
18.099999999997145 -19.549999999993467
18.249999999997147 -19.449999999993466
-77.90000000000069 -19.399999999993465
18.599999999997152 -19.199999999993462
-78.00000000000068 -19.04999999999346
18.949999999997157 -18.94999999999346
-78.05000000000068 -18.899999999993458
19.14999999999716 -18.799999999993457
-78.15000000000067 -18.549999999993453
-78.20000000000067 -18.39999999999345
19.699999999997168 -18.39999999999345
19.89999999999717 -18.24999999999345
-78.25000000000067 -18.199999999993448
20.099999999997173 -18.099999999993447
-78.30000000000067 -18.049999999993446
-78.35000000000066 -17.849999999993443
20.54999999999718 -17.74999999999344
-78.40000000000066 -17.69999999999344
20.749999999997183 -17.59999999999344
-78.45000000000066 -17.499999999993438
20.999999999997186 -17.399999999993437
-78.55000000000065 -17.149999999993433
21.449999999997193 -17.04999999999343
-78.60000000000065 -16.94999999999343
21.699999999997196 -16.84999999999343
-78.65000000000065 -16.749999999993427
21.9999999999972 -16.599999999993425
22.249999999997204 -16.399999999993423
-78.80000000000064 -16.19999999999342
22.54999999999721 -16.14999999999342
-78.85000000000063 -15.999999999993417
22.849999999997213 -15.899999999993415
23.199999999997218 -15.599999999993411
-79.00000000000063 -15.349999999993408
23.549999999997222 -15.299999999993407
23.599999999997223 -15.249999999993406
-79.05000000000062 -15.149999999993405
-79.10000000000062 -14.949999999993402
23.949999999997228 -14.949999999993402
23.99999999999723 -14.899999999993401
-79.15000000000062 -14.749999999993399
-79.20000000000061 -14.499999999993396
24.449999999997235 -14.499999999993396
24.499999999997236 -14.449999999993395
-79.25000000000061 -14.299999999993393
-79.30000000000061 -14.049999999993389
25.049999999997244 -13.949999999993388
25.099999999997245 -13.899999999993387
-79.3500000000006 -13.849999999993386
-79.4000000000006 -13.599999999993383
-79.5000000000006 -13.149999999993376
26.049999999997258 -12.999999999993374
26.09999999999726 -12.949999999993373
-79.5500000000006 -12.899999999993373
26.14999999999726 -12.899999999993373
26.19999999999726 -12.849999999993372
26.24999999999726 -12.799999999993371
26.29999999999726 -12.74999999999337
26.349999999997262 -12.69999999999337
-79.60000000000059 -12.64999999999337
26.399999999997263 -12.64999999999337
26.449999999997264 -12.599999999993369
26.499999999997264 -12.549999999993368
26.549999999997265 -12.499999999993367
26.599999999997266 -12.449999999993366
-79.65000000000059 -12.399999999993366
26.649999999997267 -12.399999999993366
26.699999999997267 -12.349999999993365
26.749999999997268 -12.299999999993364
26.79999999999727 -12.249999999993364
26.84999999999727 -12.199999999993363
-79.70000000000059 -12.149999999993362
26.89999999999727 -12.149999999993362
26.94999999999727 -12.099999999993361
26.99999999999727 -12.04999999999336
27.049999999997272 -11.99999999999336
27.099999999997273 -11.94999999999336
-79.75000000000058 -11.899999999993359
27.149999999997274 -11.899999999993359
27.199999999997274 -11.849999999993358
-79.80000000000058 -11.649999999993355
-79.85000000000058 -11.399999999993351
-79.90000000000057 -11.099999999993347
28.049999999997286 -10.949999999993345
28.099999999997287 -10.899999999993344
-79.95000000000057 -10.849999999993344
-80.00000000000057 -10.54999999999334
28.599999999997294 -10.349999999993337
-80.05000000000057 -10.299999999993336
28.649999999997295 -10.299999999993336
-80.10000000000056 -9.999999999993332
29.0499999999973 -9.84999999999333
-80.15000000000056 -9.699999999993327
29.399999999997306 -9.449999999993324
-80.20000000000056 -9.399999999993323
-80.25000000000055 -9.14999999999332
-80.25000000000055 -9.099999999993319
29.69999999999731 -9.099999999993319
-80.30000000000055 -8.799999999993315
29.999999999997314 -8.749999999993314
-80.35000000000055 -8.49999999999331
30.249999999997318 -8.44999999999331
-80.40000000000055 -8.199999999993306
30.44999999999732 -8.199999999993306
-80.45000000000054 -7.899999999993304
30.699999999997324 -7.899999999993304
30.899999999997327 -7.649999999993305
-80.50000000000054 -7.549999999993306
-80.55000000000054 -7.249999999993307
-80.55000000000054 -7.199999999993307
31.249999999997332 -7.199999999993307
-80.60000000000053 -6.899999999993308
31.599999999997337 -6.7499999999933085
-80.65000000000053 -6.549999999993309
31.74999999999734 -6.549999999993309
31.89999999999734 -6.34999999999331
-80.70000000000053 -6.19999999999331
32.04999999999734 -6.149999999993311
32.19999999999733 -5.949999999993311
-80.75000000000053 -5.849999999993312
-80.80000000000052 -5.499999999993313
-80.80000000000052 -5.449999999993313
32.59999999999731 -5.399999999993313
-80.85000000000052 -5.099999999993314
32.849999999997294 -5.0499999999933145
32.94999999999729 -4.899999999993315
-80.90000000000052 -4.749999999993316
33.199999999997274 -4.549999999993316
33.29999999999727 -4.399999999993317
-80.95000000000051 -4.349999999993317
33.39999999999726 -4.249999999993317
33.49999999999726 -4.099999999993318
-81.00000000000051 -3.9499999999933184
-81.05000000000051 -3.54999999999332
33.899999999997235 -3.49999999999332
33.99999999999723 -3.3499999999933205
34.09999999999722 -3.199999999993321
-81.1000000000005 -3.1499999999933213
-81.1500000000005 -2.7499999999933227
-81.1500000000005 -2.699999999993323
34.4499999999972 -2.649999999993323
-81.2000000000005 -2.2999999999933243
34.69999999999719 -2.2499999999933245
-81.2500000000005 -1.849999999993325
35.099999999997166 -1.5999999999933248
-81.3000000000005 -1.3999999999933246
35.24999999999716 -1.3499999999933245
35.44999999999715 -0.9999999999933242
-81.35000000000049 -0.9499999999933242
35.59999999999714 -0.749999999993324
-81.40000000000049 -0.49999999999332384
-81.40000000000049 -0.44999999999332385
35.79999999999713 -0.39999999999332386
-81.45000000000049 6.676090236190646E-12
36.04999999999711 0.05000000000667609
-81.50000000000048 0.5000000000066761
36.2999999999971 0.5000000000066761
36.349999999997095 0.6000000000066762
-81.55000000000048 1.0000000000066764
36.64999999999708 1.1500000000066766
36.699999999997075 1.2500000000066767
36.74999999999707 1.3500000000066767
36.79999999999707 1.4500000000066768
-81.60000000000048 1.5000000000066769
-81.60000000000048 1.550000000006677
-81.65000000000047 2.050000000006677
-81.65000000000047 2.100000000006677
-81.70000000000047 2.600000000006675
-81.70000000000047 2.650000000006675
-81.75000000000047 3.1500000000066732
37.64999999999702 3.1500000000066732
-81.75000000000047 3.200000000006673
37.69999999999702 3.250000000006673
37.749999999997016 3.3500000000066725
-81.80000000000047 3.750000000006671
-81.80000000000047 3.800000000006671
38.049999999997 4.00000000000667
38.099999999996996 4.10000000000667
-81.85000000000046 4.350000000006669
-81.85000000000046 4.400000000006669
38.299999999996984 4.550000000006668
-81.90000000000046 4.950000000006667
-81.90000000000046 5.000000000006667
38.49999999999697 5.000000000006667
38.649999999996965 5.350000000006665
-81.95000000000046 5.6000000000066645
-81.95000000000046 5.650000000006664
38.799999999996956 5.700000000006664
-82.00000000000045 6.300000000006662
39.04999999999694 6.300000000006662
-82.00000000000045 6.350000000006662
39.149999999996936 6.550000000006661
39.24999999999693 6.80000000000666
-82.05000000000045 7.00000000000666
-82.05000000000045 7.050000000006659
39.349999999996925 7.050000000006659
39.44999999999692 7.3000000000066585
-82.10000000000045 7.700000000006657
39.59999999999691 7.700000000006657
-82.10000000000045 7.750000000006657
39.699999999996905 7.950000000006656
39.7499999999969 8.100000000006657
-82.15000000000045 8.450000000006662
-82.15000000000045 8.500000000006663
39.89999999999689 8.500000000006663
40.09999999999688 9.050000000006671
40.14999999999688 9.200000000006673
-82.20000000000044 9.250000000006674
-82.20000000000044 9.300000000006674
-82.25000000000044 10.050000000006685
-82.25000000000044 10.100000000006686
-82.30000000000044 10.900000000006697
-82.30000000000044 10.950000000006698
-82.30000000000044 11.000000000006699
40.79999999999684 11.1500000000067
40.84999999999684 11.300000000006703
-82.35000000000043 11.80000000000671
40.99999999999683 11.80000000000671
-82.35000000000043 11.85000000000671
-82.35000000000043 11.900000000006711
41.04999999999683 11.950000000006712
41.14999999999682 12.300000000006717
-82.40000000000043 12.800000000006724
41.299999999996814 12.800000000006724
-82.40000000000043 12.850000000006725
41.39999999999681 13.15000000000673
41.449999999996805 13.350000000006732
41.5499999999968 13.700000000006737
-82.45000000000043 13.800000000006738
-82.45000000000043 13.85000000000674
-82.45000000000043 13.90000000000674
41.5999999999968 13.90000000000674
41.74999999999679 14.450000000006748
41.799999999996786 14.65000000000675
41.84999999999678 14.850000000006753
-82.50000000000043 14.900000000006754
-82.50000000000043 14.950000000006755
-82.50000000000043 15.000000000006755
41.89999999999678 15.050000000006756
41.94999999999678 15.250000000006759
41.999999999996774 15.450000000006762
-82.55000000000042 16.10000000000677
42.149999999996766 16.10000000000677
-82.55000000000042 16.15000000000677
-82.55000000000042 16.20000000000677
42.19999999999676 16.300000000006772
42.29999999999676 16.75000000000678
42.39999999999675 17.200000000006785
-82.60000000000042 17.350000000006787
-82.60000000000042 17.400000000006788
-82.60000000000042 17.45000000000679
42.44999999999675 17.45000000000679
-82.60000000000042 17.50000000000679
42.499999999996746 17.700000000006792
42.699999999996734 18.700000000006806
-82.65000000000042 18.800000000006808
-82.65000000000042 18.85000000000681
-82.65000000000042 18.90000000000681
-82.65000000000042 18.95000000000681
42.74999999999673 18.95000000000681
42.849999999996726 19.500000000006818
42.94999999999672 20.050000000006825
42.99999999999672 20.35000000000683
-82.70000000000041 20.40000000000683
-82.70000000000041 20.45000000000683
-82.70000000000041 20.500000000006832
-82.70000000000041 20.550000000006833
-82.70000000000041 20.600000000006833
43.049999999996714 20.650000000006834
43.14999999999671 21.300000000006843
43.199999999996706 21.650000000006848
43.2499999999967 21.950000000006852
-82.75000000000041 22.300000000006857
-82.75000000000041 22.350000000006858
-82.75000000000041 22.40000000000686
-82.75000000000041 22.45000000000686
-82.75000000000041 22.50000000000686
43.3499999999967 22.700000000006863
43.399999999996695 23.10000000000687
43.44999999999669 23.450000000006874
43.44999999999669 23.500000000006875
43.49999999999669 23.90000000000688
43.549999999996686 24.350000000006887
-82.80000000000041 24.60000000000689
-82.80000000000041 24.65000000000689
-82.80000000000041 24.70000000000689
-82.80000000000041 24.750000000006892
-82.80000000000041 24.800000000006893
43.59999999999668 24.800000000006893
-82.80000000000041 24.850000000006894
-82.80000000000041 24.900000000006894
-82.80000000000041 24.950000000006895
43.64999999999668 25.3000000000069
43.69999999999668 25.800000000006907
43.69999999999668 25.850000000006908
43.749999999996675 26.400000000006916
43.749999999996675 26.450000000006916
43.79999999999667 27.050000000006925
43.79999999999667 27.100000000006926
43.84999999999667 27.750000000006935
43.84999999999667 27.800000000006936
-82.8500000000004 28.10000000000694
-82.8500000000004 28.15000000000694
-82.8500000000004 28.20000000000694
-82.8500000000004 28.250000000006942
-82.8500000000004 28.300000000006943
-82.8500000000004 28.350000000006943
-82.8500000000004 28.400000000006944
-82.8500000000004 28.450000000006945
-82.8500000000004 28.500000000006946
-82.8500000000004 28.550000000006946
-82.8500000000004 28.600000000006947
43.899999999996666 28.600000000006947
-82.8500000000004 28.650000000006948
43.899999999996666 28.650000000006948
-82.8500000000004 28.70000000000695
43.899999999996666 28.70000000000695
-82.8500000000004 28.75000000000695
43.94999999999666 29.750000000006963
43.94999999999666 29.800000000006964
43.94999999999666 29.850000000006965
43.99999999999666 31.850000000006993
43.99999999999666 31.900000000006994
43.99999999999666 31.950000000006995
43.99999999999666 32.00000000000699
43.99999999999666 32.05000000000699
43.99999999999666 32.100000000006986
43.99999999999666 32.15000000000698
43.99999999999666 32.20000000000698
43.99999999999666 32.25000000000698
43.99999999999666 32.300000000006975
43.99999999999666 32.35000000000697
43.99999999999666 32.40000000000697
43.99999999999666 32.450000000006966
43.99999999999666 32.50000000000696
43.99999999999666 32.55000000000696
43.99999999999666 32.60000000000696
43.99999999999666 32.650000000006955
43.99999999999666 32.70000000000695
43.99999999999666 32.75000000000695
43.99999999999666 32.800000000006946
43.99999999999666 32.85000000000694
43.99999999999666 32.90000000000694
43.99999999999666 32.95000000000694
43.99999999999666 33.000000000006935
43.99999999999666 33.05000000000693
43.99999999999666 33.10000000000693
43.99999999999666 33.150000000006926
43.99999999999666 33.20000000000692
43.99999999999666 33.25000000000692
43.94999999999666 35.25000000000681
43.94999999999666 35.300000000006804
43.94999999999666 35.3500000000068
-82.8500000000004 36.350000000006744
-82.8500000000004 36.40000000000674
43.899999999996666 36.40000000000674
-82.8500000000004 36.45000000000674
43.899999999996666 36.45000000000674
-82.8500000000004 36.500000000006736
43.899999999996666 36.500000000006736
-82.8500000000004 36.55000000000673
-82.8500000000004 36.60000000000673
-82.8500000000004 36.65000000000673
-82.8500000000004 36.700000000006725
-82.8500000000004 36.75000000000672
-82.8500000000004 36.80000000000672
-82.8500000000004 36.850000000006716
-82.8500000000004 36.90000000000671
-82.8500000000004 36.95000000000671
-82.8500000000004 37.00000000000671
43.84999999999667 37.30000000000669
43.84999999999667 37.35000000000669
43.79999999999667 38.00000000000665
43.79999999999667 38.05000000000665
43.749999999996675 38.650000000006614
43.749999999996675 38.70000000000661
43.69999999999668 39.25000000000658
43.69999999999668 39.30000000000658
43.64999999999668 39.80000000000655
-82.80000000000041 40.15000000000653
-82.80000000000041 40.200000000006526
-82.80000000000041 40.25000000000652
-82.80000000000041 40.30000000000652
43.59999999999668 40.30000000000652
-82.80000000000041 40.35000000000652
-82.80000000000041 40.400000000006514
-82.80000000000041 40.45000000000651
-82.80000000000041 40.50000000000651
43.549999999996686 40.750000000006494
43.49999999999669 41.20000000000647
43.44999999999669 41.600000000006446
43.44999999999669 41.65000000000644
43.399999999996695 42.00000000000642
43.3499999999967 42.4000000000064
-82.75000000000041 42.60000000000639
-82.75000000000041 42.650000000006386
-82.75000000000041 42.70000000000638
-82.75000000000041 42.75000000000638
-82.75000000000041 42.80000000000638
43.2499999999967 43.15000000000636
43.199999999996706 43.45000000000634
43.14999999999671 43.80000000000632
43.049999999996714 44.450000000006284
-82.70000000000041 44.50000000000628
-82.70000000000041 44.55000000000628
-82.70000000000041 44.600000000006276
-82.70000000000041 44.65000000000627
-82.70000000000041 44.70000000000627
42.99999999999672 44.75000000000627
42.94999999999672 45.05000000000625
42.849999999996726 45.60000000000622
-82.65000000000042 46.15000000000619
42.74999999999673 46.15000000000619
-82.65000000000042 46.200000000006185
-82.65000000000042 46.25000000000618
-82.65000000000042 46.30000000000618
42.699999999996734 46.40000000000617
42.499999999996746 47.400000000006116
-82.60000000000042 47.600000000006105
-82.60000000000042 47.6500000000061
42.44999999999675 47.6500000000061
-82.60000000000042 47.7000000000061
-82.60000000000042 47.7500000000061
42.39999999999675 47.90000000000609
42.29999999999676 48.35000000000606
42.19999999999676 48.80000000000604
-82.55000000000042 48.90000000000603
-82.55000000000042 48.95000000000603
-82.55000000000042 49.000000000006025
42.149999999996766 49.000000000006025
41.999999999996774 49.65000000000599
41.94999999999678 49.85000000000598
41.89999999999678 50.050000000005966
-82.50000000000043 50.10000000000596
-82.50000000000043 50.15000000000596
-82.50000000000043 50.20000000000596
41.84999999999678 50.250000000005954
41.799999999996786 50.45000000000594
41.74999999999679 50.65000000000593
-82.45000000000043 51.2000000000059
41.5999999999968 51.2000000000059
-82.45000000000043 51.2500000000059
-82.45000000000043 51.300000000005895
41.5499999999968 51.40000000000589
41.449999999996805 51.75000000000587
41.39999999999681 51.95000000000586
-82.40000000000043 52.25000000000584
-82.40000000000043 52.30000000000584
41.299999999996814 52.30000000000584
41.14999999999682 52.80000000000581
41.04999999999683 53.15000000000579
-82.35000000000043 53.20000000000579
-82.35000000000043 53.250000000005784
-82.35000000000043 53.30000000000578
40.99999999999683 53.30000000000578
40.84999999999684 53.80000000000575
40.79999999999684 53.950000000005744
-82.30000000000044 54.100000000005736
-82.30000000000044 54.15000000000573
-82.30000000000044 54.20000000000573
-82.25000000000044 55.000000000005684
-82.25000000000044 55.05000000000568
-82.20000000000044 55.80000000000564
-82.20000000000044 55.850000000005636
40.14999999999688 55.90000000000563
40.09999999999688 56.050000000005625
-82.15000000000045 56.60000000000559
39.89999999999689 56.60000000000559
-82.15000000000045 56.65000000000559
39.7499999999969 57.00000000000557
39.699999999996905 57.15000000000556
-82.10000000000045 57.35000000000555
-82.10000000000045 57.40000000000555
39.59999999999691 57.40000000000555
39.44999999999692 57.800000000005525
-82.05000000000045 58.05000000000551
39.349999999996925 58.05000000000551
-82.05000000000045 58.10000000000551
39.24999999999693 58.3000000000055
39.149999999996936 58.55000000000548
-82.00000000000045 58.75000000000547
-82.00000000000045 58.80000000000547
39.04999999999694 58.80000000000547
38.799999999996956 59.400000000005434
-81.95000000000046 59.45000000000543
-81.95000000000046 59.50000000000543
38.649999999996965 59.750000000005414
-81.90000000000046 60.100000000005394
38.49999999999697 60.100000000005394
-81.90000000000046 60.15000000000539
38.299999999996984 60.55000000000537
-81.85000000000046 60.70000000000536
-81.85000000000046 60.75000000000536
38.099999999996996 61.00000000000534
38.049999999997 61.10000000000534
-81.80000000000047 61.300000000005326
-81.80000000000047 61.35000000000532
37.749999999997016 61.7500000000053
37.69999999999702 61.850000000005295
-81.75000000000047 61.90000000000529
-81.75000000000047 61.95000000000529
37.64999999999702 61.95000000000529
-81.70000000000047 62.45000000000526
-81.70000000000047 62.50000000000526
-81.65000000000047 63.00000000000523
-81.65000000000047 63.05000000000523
-81.60000000000048 63.5500000000052
-81.60000000000048 63.600000000005195
36.79999999999707 63.65000000000519
36.74999999999707 63.75000000000519
36.699999999997075 63.85000000000518
36.64999999999708 63.950000000005176
-81.55000000000048 64.10000000000517
36.349999999997095 64.50000000000514
-81.50000000000048 64.60000000000514
36.2999999999971 64.60000000000514
36.04999999999711 65.05000000000511
-81.45000000000049 65.10000000000511
35.79999999999713 65.50000000000509
-81.40000000000049 65.55000000000508
-81.40000000000049 65.60000000000508
35.59999999999714 65.85000000000507
-81.35000000000049 66.05000000000506
35.44999999999715 66.10000000000505
35.24999999999716 66.45000000000503
-81.3000000000005 66.50000000000503
35.099999999997166 66.70000000000502
-81.2500000000005 66.950000000005
34.69999999999719 67.35000000000498
-81.2000000000005 67.40000000000498
34.4499999999972 67.75000000000496
-81.1500000000005 67.80000000000496
-81.1500000000005 67.85000000000495
-81.1000000000005 68.25000000000493
34.09999999999722 68.30000000000493
33.99999999999723 68.45000000000492
33.899999999997235 68.60000000000491
-81.05000000000051 68.65000000000491
-81.00000000000051 69.05000000000489
33.49999999999726 69.20000000000488
33.39999999999726 69.35000000000487
-80.95000000000051 69.45000000000486
33.29999999999727 69.50000000000486
33.199999999997274 69.65000000000485
-80.90000000000052 69.85000000000484
32.94999999999729 70.00000000000483
32.849999999997294 70.15000000000482
-80.85000000000052 70.20000000000482
32.59999999999731 70.5000000000048
-80.80000000000052 70.5500000000048
-80.80000000000052 70.6000000000048
-80.75000000000053 70.95000000000478
32.19999999999733 71.05000000000477
32.04999999999734 71.25000000000476
-80.70000000000053 71.30000000000476
31.89999999999734 71.45000000000475
-80.65000000000053 71.65000000000474
31.74999999999734 71.65000000000474
31.599999999997337 71.85000000000473
-80.60000000000053 72.00000000000472
-80.55000000000054 72.3000000000047
31.249999999997332 72.3000000000047
-80.55000000000054 72.3500000000047
-80.50000000000054 72.65000000000468
30.899999999997327 72.75000000000468
-80.45000000000054 73.00000000000466
30.699999999997324 73.00000000000466
-80.40000000000055 73.30000000000464
30.44999999999732 73.30000000000464
30.249999999997318 73.55000000000463
-80.35000000000055 73.60000000000463
29.999999999997314 73.85000000000461
-80.30000000000055 73.90000000000461
-80.25000000000055 74.2000000000046
29.69999999999731 74.2000000000046
-80.25000000000055 74.25000000000459
-80.20000000000056 74.50000000000458
29.399999999997306 74.55000000000457
-80.15000000000056 74.80000000000456
29.0499999999973 74.95000000000455
-80.10000000000056 75.10000000000454
-80.05000000000057 75.40000000000452
28.649999999997295 75.40000000000452
28.599999999997294 75.45000000000452
-80.00000000000057 75.65000000000451
-79.95000000000057 75.9500000000045
28.099999999997287 76.00000000000449
28.049999999997286 76.05000000000449
-79.90000000000057 76.20000000000448
-79.85000000000058 76.50000000000446
-79.80000000000058 76.75000000000445
27.199999999997274 76.95000000000444
-79.75000000000058 77.00000000000443
27.149999999997274 77.00000000000443
27.099999999997273 77.05000000000443
27.049999999997272 77.10000000000443
26.99999999999727 77.15000000000443
26.94999999999727 77.20000000000442
-79.70000000000059 77.25000000000442
26.89999999999727 77.25000000000442
26.84999999999727 77.30000000000442
26.79999999999727 77.35000000000441
26.749999999997268 77.40000000000441
26.699999999997267 77.45000000000441
-79.65000000000059 77.5000000000044
26.649999999997267 77.5000000000044
26.599999999997266 77.5500000000044
26.549999999997265 77.6000000000044
26.499999999997264 77.6500000000044
26.449999999997264 77.7000000000044
-79.60000000000059 77.75000000000439
26.399999999997263 77.75000000000439
26.349999999997262 77.80000000000439
26.29999999999726 77.85000000000439
26.24999999999726 77.90000000000438
26.19999999999726 77.95000000000438
-79.5500000000006 78.00000000000438
26.14999999999726 78.00000000000438
26.09999999999726 78.05000000000437
26.049999999997258 78.10000000000437
-79.5000000000006 78.25000000000436
-79.4000000000006 78.70000000000434
-79.3500000000006 78.95000000000432
25.099999999997245 79.00000000000432
25.049999999997244 79.05000000000432
-79.30000000000061 79.15000000000431
-79.25000000000061 79.4000000000043
24.499999999997236 79.55000000000429
-79.20000000000061 79.60000000000429
24.449999999997235 79.60000000000429
-79.15000000000062 79.85000000000427
23.99999999999723 80.00000000000426
-79.10000000000062 80.05000000000426
23.949999999997228 80.05000000000426
-79.05000000000062 80.25000000000425
23.599999999997223 80.35000000000424
23.549999999997222 80.40000000000424
-79.00000000000063 80.45000000000424
23.199999999997218 80.70000000000422
22.849999999997213 81.0000000000042
-78.85000000000063 81.1000000000042
22.54999999999721 81.25000000000419
-78.80000000000064 81.30000000000419
22.249999999997204 81.50000000000418
21.9999999999972 81.70000000000417
-78.65000000000065 81.85000000000416
21.699999999997196 81.95000000000415
-78.60000000000065 82.05000000000415
21.449999999997193 82.15000000000414
-78.55000000000065 82.25000000000414
20.999999999997186 82.50000000000412
-78.45000000000066 82.60000000000412
20.749999999997183 82.70000000000411
-78.40000000000066 82.8000000000041
20.54999999999718 82.8500000000041
-78.35000000000066 82.9500000000041
-78.30000000000067 83.15000000000408
20.099999999997173 83.20000000000408
-78.25000000000067 83.30000000000408
19.89999999999717 83.35000000000407
-78.20000000000067 83.50000000000406
19.699999999997168 83.50000000000406
-78.15000000000067 83.65000000000406
19.14999999999716 83.90000000000404
-78.05000000000068 84.00000000000404
18.949999999997157 84.05000000000403
-78.00000000000068 84.15000000000403
18.599999999997152 84.30000000000402
-77.90000000000069 84.50000000000401
18.249999999997147 84.550000000004
-77.85000000000069 84.650000000004
18.099999999997145 84.650000000004
-77.8000000000007 84.80000000000399
17.74999999999714 84.90000000000398
-77.7500000000007 84.95000000000398
17.599999999997138 85.00000000000398
-77.7000000000007 85.10000000000397
17.449999999997136 85.10000000000397
-77.6500000000007 85.25000000000396
-77.6000000000007 85.40000000000396
-77.55000000000071 85.55000000000395
-77.50000000000071 85.70000000000394
-77.45000000000071 85.85000000000393
-77.40000000000072 86.00000000000392
-77.35000000000072 86.15000000000391
15.799999999997114 86.20000000000391
-77.30000000000072 86.3000000000039
15.649999999997112 86.3000000000039
15.249999999997106 86.55000000000389
15.099999999997104 86.65000000000389
-77.15000000000073 86.70000000000388
-77.10000000000073 86.85000000000387
14.699999999997098 86.90000000000387
-77.00000000000074 87.10000000000386
14.299999999997093 87.15000000000386
-76.95000000000074 87.25000000000385
14.04999999999709 87.30000000000385
13.799999999997086 87.45000000000384
-76.85000000000075 87.50000000000384
13.549999999997082 87.60000000000383
-76.75000000000075 87.75000000000382
13.299999999997079 87.75000000000382
13.049999999997075 87.90000000000381
-76.65000000000076 88.00000000000381
12.69999999999707 88.1000000000038
-76.55000000000076 88.2500000000038
12.449999999997067 88.2500000000038
12.099999999997062 88.45000000000378
-76.45000000000077 88.50000000000378
-76.40000000000077 88.60000000000377
11.749999999997057 88.65000000000377
-76.30000000000078 88.85000000000376
11.29999999999705 88.90000000000376
-76.25000000000078 88.95000000000375
10.849999999997044 89.15000000000374
-76.10000000000079 89.30000000000373
-76.0500000000008 89.40000000000373
10.299999999997036 89.45000000000373
10.199999999997035 89.50000000000372
-75.8500000000008 89.8500000000037
9.549999999997025 89.8500000000037
9.449999999997024 89.9000000000037
-75.80000000000081 89.9500000000037
-75.75000000000081 90.05000000000369
-75.70000000000081 90.15000000000369
-75.65000000000082 90.25000000000368
-75.60000000000082 90.35000000000367
-75.55000000000082 90.45000000000367
-75.50000000000082 90.55000000000366
8.099999999997005 90.60000000000366
-75.45000000000083 90.65000000000366
7.999999999997004 90.65000000000366
7.8999999999970045 90.70000000000366
-75.40000000000083 90.75000000000365
7.799999999997005 90.75000000000365
7.699999999997005 90.80000000000365
-75.35000000000083 90.85000000000365
7.599999999997006 90.85000000000365
7.499999999997006 90.90000000000364
-75.30000000000084 90.95000000000364
-75.25000000000084 91.05000000000364
-75.20000000000084 91.15000000000363
-75.15000000000084 91.25000000000362
6.149999999997011 91.5500000000036
-74.95000000000086 91.6000000000036
6.049999999997011 91.6000000000036
5.9499999999970115 91.6500000000036
-74.90000000000086 91.7000000000036
-74.85000000000086 91.80000000000359
5.299999999997014 91.95000000000358
5.199999999997014 92.00000000000358
-74.70000000000087 92.05000000000358
-74.65000000000087 92.15000000000357
4.649999999997016 92.25000000000357
4.549999999997016 92.30000000000356
-74.50000000000088 92.40000000000356
4.099999999997018 92.50000000000355
-74.35000000000089 92.65000000000354
3.6499999999970196 92.70000000000354
-74.2500000000009 92.80000000000354
-74.2000000000009 92.90000000000353
3.1999999999970212 92.90000000000353
-74.1000000000009 93.05000000000352
2.8499999999970225 93.05000000000352
-74.00000000000091 93.20000000000351
2.4999999999970237 93.20000000000351
-73.90000000000092 93.3500000000035
2.149999999997025 93.3500000000035
-73.85000000000092 93.4500000000035
1.799999999997025 93.5000000000035
-73.75000000000092 93.60000000000349
1.4499999999970248 93.65000000000349
-73.65000000000093 93.75000000000348
1.1999999999970246 93.75000000000348
-73.60000000000093 93.80000000000348
-73.50000000000094 93.95000000000347
0.5999999999970241 94.00000000000347
-73.40000000000094 94.10000000000346
0.3499999999970241 94.10000000000346
0.0999999999970241 94.20000000000346
-73.30000000000095 94.25000000000345
-73.25000000000095 94.30000000000345
-0.15000000000297592 94.30000000000345
-0.40000000000297586 94.40000000000344
-73.15000000000096 94.45000000000344
-0.650000000002976 94.50000000000344
-0.9000000000029762 94.60000000000343
-73.00000000000097 94.65000000000343
-1.3000000000029766 94.75000000000342
-72.85000000000097 94.85000000000342
-1.5500000000029768 94.85000000000342
-72.80000000000098 94.90000000000342
-1.9500000000029771 95.00000000000341
-72.70000000000098 95.05000000000341
-72.65000000000099 95.1000000000034
-2.350000000002976 95.1500000000034
-2.600000000002975 95.2500000000034
-72.500000000001 95.3000000000034
-2.7500000000029745 95.3000000000034
-72.450000000001 95.35000000000339
-3.150000000002973 95.45000000000339
-72.25000000000101 95.60000000000338
-3.5500000000029717 95.60000000000338
-72.20000000000101 95.65000000000337
-3.700000000002971 95.65000000000337
-4.250000000002969 95.85000000000336
-4.400000000002969 95.90000000000336
-71.95000000000103 95.95000000000336
-71.90000000000103 96.00000000000335
-71.85000000000103 96.05000000000335
-4.950000000002967 96.10000000000335
-5.100000000002966 96.15000000000335
-5.250000000002966 96.20000000000334
-71.50000000000105 96.45000000000333
-71.45000000000105 96.50000000000333
-71.40000000000106 96.55000000000332
-71.35000000000106 96.60000000000332
-6.4000000000029615 96.60000000000332
-71.30000000000106 96.65000000000332
-6.550000000002961 96.65000000000332
-71.25000000000107 96.70000000000331
-6.7000000000029605 96.70000000000331
-71.20000000000107 96.75000000000331
-6.85000000000296 96.75000000000331
-71.15000000000107 96.80000000000331
-7.000000000002959 96.80000000000331
-71.10000000000107 96.8500000000033
-7.150000000002959 96.8500000000033
-71.05000000000108 96.9000000000033
-7.300000000002958 96.9000000000033
-71.00000000000108 96.9500000000033
-7.450000000002958 96.9500000000033
-70.95000000000108 97.0000000000033
-70.90000000000109 97.0500000000033
-70.85000000000109 97.10000000000329
-70.80000000000109 97.15000000000329
-70.7500000000011 97.20000000000329
-70.7000000000011 97.25000000000328
-70.6500000000011 97.30000000000328
-8.550000000002964 97.30000000000328
-70.6000000000011 97.35000000000328
-8.700000000002966 97.35000000000328
-70.5500000000011 97.40000000000327
-8.850000000002968 97.40000000000327
-70.50000000000111 97.45000000000327
-9.500000000002977 97.60000000000326
-9.65000000000298 97.65000000000326
-70.10000000000113 97.80000000000325
-10.150000000002986 97.80000000000325
-70.05000000000113 97.85000000000325
-10.300000000002989 97.85000000000325
-70.00000000000114 97.90000000000325
-10.800000000002996 98.00000000000324
-69.75000000000115 98.10000000000323
-69.70000000000115 98.15000000000323
-11.300000000003003 98.15000000000323
-69.65000000000116 98.20000000000323
-11.650000000003008 98.25000000000323
-11.80000000000301 98.30000000000322
-69.45000000000117 98.35000000000322
-69.40000000000117 98.40000000000322
-12.150000000003015 98.40000000000322
-12.50000000000302 98.50000000000321
-69.20000000000118 98.55000000000321
-69.15000000000119 98.6000000000032
-12.850000000003025 98.6000000000032
-13.20000000000303 98.7000000000032
-68.9500000000012 98.7500000000032
-13.550000000003035 98.8000000000032
-68.75000000000121 98.90000000000319
-14.100000000003043 98.95000000000319
-68.55000000000122 99.05000000000318
-14.65000000000305 99.10000000000318
-68.40000000000123 99.15000000000317
-15.200000000003058 99.25000000000317
-68.20000000000124 99.30000000000317
-15.400000000003061 99.30000000000317
-68.05000000000125 99.40000000000316
-15.950000000003069 99.45000000000316
-67.90000000000126 99.50000000000315
-16.15000000000307 99.50000000000315
-16.350000000003075 99.55000000000315
-67.75000000000126 99.60000000000315
-16.550000000003077 99.60000000000315
-67.60000000000127 99.70000000000314
-67.50000000000128 99.75000000000314
-67.35000000000129 99.85000000000313
-67.2000000000013 99.95000000000313
-67.1000000000013 100.00000000000313
-66.95000000000131 100.10000000000312
-18.550000000003106 100.10000000000312
-66.85000000000132 100.15000000000312
-18.75000000000311 100.15000000000312
-18.95000000000311 100.20000000000312
-19.150000000003114 100.25000000000311
-66.60000000000133 100.30000000000311
-66.50000000000134 100.3500000000031
-66.40000000000134 100.4000000000031
-19.800000000003124 100.4000000000031
-20.000000000003126 100.4500000000031
-20.450000000003133 100.5500000000031
-66.05000000000136 100.60000000000309
-20.650000000003136 100.60000000000309
-65.95000000000137 100.65000000000309
-65.85000000000137 100.70000000000309
-21.100000000003142 100.70000000000309
-65.75000000000138 100.75000000000308
-65.65000000000138 100.80000000000308
-21.55000000000315 100.80000000000308
-65.55000000000139 100.85000000000308
-65.4500000000014 100.90000000000308
-22.000000000003155 100.90000000000308
-65.3500000000014 100.95000000000307
-65.2500000000014 101.00000000000307
-22.45000000000316 101.00000000000307
-65.15000000000141 101.05000000000307
-22.700000000003165 101.05000000000307
-23.15000000000317 101.15000000000306
-64.80000000000143 101.20000000000306
-23.400000000003175 101.20000000000306
-64.70000000000144 101.25000000000306
-23.65000000000318 101.25000000000306
-64.60000000000144 101.30000000000305
-64.35000000000146 101.40000000000305
-24.350000000003188 101.40000000000305
-64.25000000000146 101.45000000000304
-24.60000000000319 101.45000000000304
-64.10000000000147 101.50000000000304
-24.850000000003195 101.50000000000304
-64.00000000000148 101.55000000000304
-25.1000000000032 101.55000000000304
-25.350000000003202 101.60000000000304
-63.75000000000149 101.65000000000303
-63.500000000001506 101.75000000000303
-26.150000000003214 101.75000000000303
-63.350000000001515 101.80000000000302
-26.400000000003217 101.80000000000302
-26.65000000000322 101.85000000000302
-63.10000000000153 101.90000000000302
-26.950000000003225 101.90000000000302
-62.95000000000154 101.95000000000302
-27.20000000000323 101.95000000000302
-62.800000000001546 102.00000000000301
-27.500000000003233 102.00000000000301
-27.750000000003237 102.05000000000301
-28.05000000000324 102.100000000003
-28.300000000003244 102.150000000003
-28.60000000000325 102.200000000003
-28.900000000003253 102.250000000003
-61.9000000000016 102.300000000003
-29.200000000003257 102.300000000003
-61.750000000001606 102.35000000000299
-29.50000000000326 102.35000000000299
-61.600000000001614 102.40000000000299
-29.800000000003266 102.40000000000299
-30.10000000000327 102.45000000000299
-61.250000000001634 102.50000000000298
-30.400000000003274 102.50000000000298
-61.10000000000164 102.55000000000298
-30.70000000000328 102.55000000000298
-60.900000000001654 102.60000000000298
-31.000000000003283 102.60000000000298
-60.700000000001666 102.65000000000298
-31.350000000003288 102.65000000000298
-60.550000000001674 102.70000000000297
-31.650000000003292 102.70000000000297
-60.350000000001685 102.75000000000297
-32.0000000000033 102.75000000000297
-60.1500000000017 102.80000000000297
-32.35000000000328 102.80000000000297
-59.95000000000171 102.85000000000296
-32.70000000000326 102.85000000000296
-32.65000000000326 102.85000000000296
-59.75000000000172 102.90000000000296
-33.00000000000324 102.90000000000296
-59.500000000001734 102.95000000000296
-33.40000000000322 102.95000000000296
-33.35000000000322 102.95000000000296
-59.300000000001745 103.00000000000296
-33.7500000000032 103.00000000000296
-59.05000000000176 103.05000000000295
-34.10000000000318 103.05000000000295
-58.85000000000177 103.10000000000295
-34.500000000003155 103.10000000000295
-58.600000000001785 103.15000000000295
-34.850000000003135 103.15000000000295
-58.3500000000018 103.20000000000294
-35.25000000000311 103.20000000000294
-58.10000000000181 103.25000000000294
-58.050000000001816 103.25000000000294
-35.65000000000309 103.25000000000294
-57.80000000000183 103.30000000000294
-36.100000000003064 103.30000000000294
-36.05000000000307 103.30000000000294
-57.550000000001845 103.35000000000294
-57.50000000000185 103.35000000000294
-36.50000000000304 103.35000000000294
-57.25000000000186 103.40000000000293
-57.200000000001864 103.40000000000293
-36.950000000003016 103.40000000000293
-56.95000000000188 103.45000000000293
-56.90000000000188 103.45000000000293
-37.40000000000299 103.45000000000293
-56.6000000000019 103.50000000000293
-37.850000000002964 103.50000000000293
-56.300000000001916 103.55000000000292
-56.25000000000192 103.55000000000292
-38.350000000002936 103.55000000000292
-55.90000000000194 103.60000000000292
-38.85000000000291 103.60000000000292
-55.55000000000196 103.65000000000292
-55.50000000000196 103.65000000000292
-39.400000000002876 103.65000000000292
-39.35000000000288 103.65000000000292
-55.100000000001984 103.70000000000292
-39.950000000002845 103.70000000000292
-39.90000000000285 103.70000000000292
-54.70000000000201 103.75000000000291
-54.65000000000201 103.75000000000291
-40.55000000000281 103.75000000000291
-40.500000000002814 103.75000000000291
-54.200000000002035 103.80000000000291
-54.15000000000204 103.80000000000291
-41.200000000002774 103.80000000000291
-41.15000000000278 103.80000000000291
-53.650000000002066 103.85000000000291
-53.60000000000207 103.85000000000291
-41.900000000002734 103.85000000000291
-41.85000000000274 103.85000000000291
-41.80000000000274 103.85000000000291
-53.0500000000021 103.9000000000029
-53.0000000000021 103.9000000000029
-52.950000000002106 103.9000000000029
-42.65000000000269 103.9000000000029
-42.600000000002694 103.9000000000029
-42.5500000000027 103.9000000000029
-52.35000000000214 103.9500000000029
-52.30000000000214 103.9500000000029
-52.250000000002146 103.9500000000029
-52.20000000000215 103.9500000000029
-43.55000000000264 103.9500000000029
-43.50000000000264 103.9500000000029
-43.450000000002646 103.9500000000029
-51.45000000000219 104.0000000000029
-51.400000000002194 104.0000000000029
-51.3500000000022 104.0000000000029
-51.3000000000022 104.0000000000029
-44.65000000000258 104.0000000000029
-44.60000000000258 104.0000000000029
-44.55000000000258 104.0000000000029
-44.500000000002586 104.0000000000029
-44.45000000000259 104.0000000000029
-50.20000000000226 104.0500000000029
-50.150000000002265 104.0500000000029
-50.10000000000227 104.0500000000029
-50.05000000000227 104.0500000000029
-50.000000000002274 104.0500000000029
-49.95000000000228 104.0500000000029
-49.90000000000228 104.0500000000029
-46.20000000000249 104.0500000000029
-46.15000000000249 104.0500000000029
-46.100000000002495 104.0500000000029
-46.0500000000025 104.0500000000029
-46.0000000000025 104.0500000000029
-45.950000000002504 104.0500000000029
-45.90000000000251 104.0500000000029
