180.0 48.499999999996405
178.79999999999973 47.89999999999644
178.6999999999997 47.84999999999644
178.59999999999968 47.799999999996444
178.49999999999966 47.74999999999645
177.7499999999995 47.34999999999647
177.64999999999947 47.29999999999647
177.19999999999936 47.04999999999649
176.74999999999926 46.7999999999965
176.39999999999918 46.59999999999651
176.0499999999991 46.399999999996524
175.44999999999897 46.049999999996544
175.1999999999989 45.89999999999655
174.79999999999882 45.64999999999657
174.54999999999876 45.499999999996575
174.14999999999867 45.24999999999659
173.99999999999864 45.149999999996595
173.59999999999854 44.89999999999661
173.4499999999985 44.799999999996615
173.29999999999848 44.69999999999662
173.14999999999844 44.599999999996626
172.9999999999984 44.49999999999663
172.84999999999837 44.39999999999664
172.69999999999834 44.29999999999664
172.5499999999983 44.19999999999665
172.39999999999827 44.099999999996655
171.89999999999816 43.749999999996675
171.74999999999812 43.64999999999668
171.39999999999804 43.399999999996695
171.04999999999797 43.14999999999671
170.84999999999792 42.99999999999672
169.8499999999977 42.24999999999676
169.64999999999765 42.09999999999677
169.19999999999754 41.74999999999679
168.9499999999975 41.5499999999968
168.69999999999743 41.34999999999681
168.44999999999737 41.14999999999682
168.1499999999973 40.89999999999684
167.84999999999724 40.64999999999685
167.54999999999717 40.399999999996865
167.49999999999716 40.34999999999687
167.1999999999971 40.09999999999688
167.14999999999708 40.049999999996885
166.799999999997 39.7499999999969
166.749999999997 39.699999999996905
166.3499999999969 39.349999999996925
166.29999999999688 39.29999999999693
165.79999999999677 38.84999999999695
165.74999999999676 38.799999999996956
164.9999999999966 38.099999999996996
164.94999999999658 38.049999999997
164.89999999999657 37.999999999997
164.84999999999656 37.949999999997004
163.2499999999962 36.349999999997095
163.19999999999618 36.2999999999971
163.14999999999617 36.2499999999971
163.09999999999616 36.199999999997104
163.04999999999615 36.14999999999711
162.349999999996 35.39999999999715
162.29999999999598 35.34999999999715
161.84999999999587 34.84999999999718
161.79999999999586 34.79999999999718
161.39999999999577 34.34999999999721
161.0499999999957 33.94999999999723
160.74999999999562 33.59999999999725
160.6999999999956 33.549999999997254
160.44999999999555 33.24999999999727
160.1999999999955 32.94999999999729
160.1499999999955 32.89999999999729
159.94999999999544 32.649999999997306
159.69999999999538 32.34999999999732
159.49999999999534 32.09999999999734
159.2999999999953 31.84999999999734
159.09999999999525 31.599999999997337
158.8999999999952 31.349999999997333
158.54999999999512 30.899999999997327
158.3999999999951 30.699999999997324
158.049999999995 30.249999999997318
157.89999999999498 30.049999999997315
157.49999999999488 29.499999999997307
157.34999999999485 29.299999999997304
157.0999999999948 28.9499999999973
156.94999999999476 28.749999999997296
156.59999999999468 28.24999999999729
156.34999999999462 27.899999999997284
156.2499999999946 27.749999999997282
156.14999999999458 27.59999999999728
155.59999999999445 26.79999999999727
155.49999999999443 26.649999999997267
155.3999999999944 26.499999999997264
154.84999999999428 25.649999999997252
154.74999999999426 25.49999999999725
154.39999999999418 24.949999999997242
154.14999999999412 24.549999999997237
153.89999999999407 24.14999999999723
153.74999999999403 23.899999999997227
153.34999999999394 23.24999999999722
152.99999999999386 22.64999999999721
152.84999999999383 22.399999999997206
152.49999999999375 21.799999999997198
152.2999999999937 21.449999999997193
152.09999999999366 21.099999999997188
151.8499999999936 20.64999999999718
151.59999999999354 20.199999999997175
151.34999999999349 19.74999999999717
151.29999999999347 19.649999999997167
150.9999999999934 19.09999999999716
150.9499999999934 18.999999999997158
150.5499999999933 18.249999999997147
150.4999999999933 18.149999999997146
150.44999999999328 18.049999999997144
148.7499999999929 14.649999999997098
148.69999999999288 14.549999999997096
148.64999999999287 14.449999999997095
148.24999999999278 13.599999999997083
148.19999999999277 13.499999999997081
147.9499999999927 12.949999999997074
147.8999999999927 12.849999999997072
147.64999999999264 12.299999999997064
147.59999999999263 12.199999999997063
147.3999999999926 11.749999999997057
147.19999999999254 11.29999999999705
147.14999999999253 11.199999999997049
146.9999999999925 10.849999999997044
146.94999999999249 10.749999999997042
146.79999999999245 10.399999999997037
146.5999999999924 9.949999999997031
146.44999999999237 9.599999999997026
146.29999999999234 9.249999999997021
146.1499999999923 8.899999999997016
145.89999999999225 8.299999999997008
145.7499999999922 7.949999999997004
145.6499999999922 7.699999999997005
145.49999999999216 7.3499999999970065
145.39999999999213 7.099999999997007
145.2999999999921 6.849999999997008
145.04999999999205 6.24999999999701
144.94999999999203 5.999999999997011
144.849999999992 5.749999999997012
144.74999999999199 5.499999999997013
144.64999999999196 5.249999999997014
144.54999999999194 4.999999999997015
144.19999999999186 4.099999999997018
144.09999999999184 3.849999999997019
143.9499999999918 3.4499999999970203
143.84999999999178 3.1999999999970212
143.69999999999175 2.7999999999970226
143.59999999999172 2.5499999999970235
143.4499999999917 2.149999999997025
143.29999999999166 1.749999999997025
143.14999999999162 1.3499999999970247
142.9999999999916 0.9499999999970244
142.79999999999154 0.39999999999702407
142.6499999999915 -2.9759111841443087E-12
142.5999999999915 -0.15000000000297592
142.44999999999146 -0.5500000000029759
142.39999999999145 -0.700000000002976
142.24999999999142 -1.1000000000029764
142.1999999999914 -1.2500000000029765
141.99999999999136 -1.800000000002977
141.94999999999135 -1.9500000000029771
141.6999999999913 -2.650000000002975
141.64999999999128 -2.8000000000029743
141.3499999999912 -3.6500000000029713
141.2999999999912 -3.800000000002971
141.2499999999912 -3.9500000000029702
140.8999999999911 -4.950000000002967
140.8499999999911 -5.100000000002966
140.7999999999911 -5.250000000002966
140.74999999999108 -5.400000000002965
140.69999999999106 -5.550000000002965
140.64999999999105 -5.700000000002964
140.59999999999104 -5.8500000000029635
139.69999999999084 -8.550000000002964
139.64999999999083 -8.700000000002966
139.5999999999908 -8.850000000002968
139.5499999999908 -9.00000000000297
139.4999999999908 -9.150000000002972
139.44999999999078 -9.300000000002974
139.39999999999077 -9.450000000002976
138.99999999999068 -10.700000000002994
138.94999999999067 -10.850000000002996
138.89999999999065 -11.000000000002998
138.5999999999906 -11.950000000003012
138.54999999999058 -12.100000000003014
138.49999999999056 -12.250000000003016
138.29999999999052 -12.900000000003025
138.2499999999905 -13.050000000003028
138.1999999999905 -13.20000000000303
137.99999999999045 -13.850000000003039
137.94999999999044 -14.000000000003041
137.7499999999904 -14.65000000000305
137.69999999999038 -14.800000000003052
137.54999999999035 -15.30000000000306
137.49999999999034 -15.450000000003062
137.2999999999903 -16.10000000000307
137.09999999999025 -16.75000000000308
136.9499999999902 -17.250000000003087
136.8999999999902 -17.40000000000309
136.74999999999017 -17.900000000003097
136.69999999999015 -18.0500000000031
136.54999999999012 -18.550000000003106
136.3999999999901 -19.050000000003113
136.24999999999005 -19.55000000000312
136.19999999999004 -19.700000000003122
136.04999999999 -20.20000000000313
135.89999999998997 -20.700000000003136
135.74999999998994 -21.200000000003143
135.5999999999899 -21.70000000000315
135.44999999998987 -22.200000000003158
135.29999999998984 -22.700000000003165
135.1499999999898 -23.200000000003172
135.04999999998978 -23.550000000003177
134.99999999998977 -23.70000000000318
134.89999999998975 -24.050000000003184
134.7499999999897 -24.55000000000319
134.59999999998968 -25.050000000003198
134.49999999998965 -25.400000000003203
134.44999999998964 -25.550000000003205
134.34999999998962 -25.90000000000321
134.1999999999896 -26.400000000003217
134.04999999998955 -26.900000000003224
133.94999999998953 -27.25000000000323
133.89999999998952 -27.40000000000323
133.7999999999895 -27.750000000003237
133.64999999998946 -28.250000000003244
133.49999999998943 -28.75000000000325
133.3999999999894 -29.100000000003256
133.3499999999894 -29.250000000003258
133.24999999998937 -29.600000000003263
133.09999999998934 -30.10000000000327
132.9499999999893 -30.600000000003277
132.84999999998928 -30.950000000003282
132.79999999998927 -31.100000000003284
132.69999999998925 -31.45000000000329
132.64999999998923 -31.60000000000329
132.5499999999892 -31.950000000003296
132.39999999998918 -32.45000000000327
132.24999999998914 -32.95000000000324
132.0999999999891 -33.450000000003214
132.0499999999891 -33.600000000003206
131.94999999998907 -33.950000000003186
131.89999999998906 -34.10000000000318
131.79999999998904 -34.45000000000316
131.74999999998903 -34.60000000000315
131.599999999989 -35.10000000000312
131.44999999998896 -35.60000000000309
131.39999999998895 -35.750000000003084
131.24999999998892 -36.250000000003055
131.09999999998888 -36.75000000000303
131.04999999998887 -36.90000000000302
130.89999999998884 -37.40000000000299
130.84999999998882 -37.55000000000298
130.6999999999888 -38.05000000000295
130.64999999998878 -38.200000000002944
130.59999999998877 -38.350000000002936
130.44999999998873 -38.85000000000291
130.39999999998872 -39.0000000000029
130.19999999998868 -39.65000000000286
130.14999999998867 -39.80000000000285
130.09999999998865 -39.950000000002845
129.8999999999886 -40.60000000000281
129.8499999999886 -40.7500000000028
129.7999999999886 -40.90000000000279
129.54999999998853 -41.700000000002746
129.49999999998852 -41.85000000000274
129.4499999999885 -42.00000000000273
129.3999999999885 -42.15000000000272
129.34999999998848 -42.30000000000271
128.89999999998838 -43.70000000000263
128.84999999998837 -43.85000000000262
128.79999999998836 -44.000000000002615
128.74999999998835 -44.150000000002606
128.69999999998834 -44.3000000000026
128.64999999998832 -44.45000000000259
128.5999999999883 -44.60000000000258
128.5499999999883 -44.75000000000257
128.4999999999883 -44.900000000002564
128.44999999998828 -45.050000000002555
128.39999999998827 -45.20000000000255
127.9499999999882 -46.50000000000247
127.8999999999882 -46.650000000002464
127.8499999999882 -46.800000000002456
127.7999999999882 -46.95000000000245
127.54999999998822 -47.65000000000241
127.49999999998822 -47.8000000000024
127.44999999998822 -47.95000000000239
127.24999999998823 -48.50000000000236
127.19999999998824 -48.65000000000235
127.04999999998824 -49.05000000000233
126.99999999998825 -49.20000000000232
126.84999999998826 -49.6000000000023
126.79999999998826 -49.75000000000229
126.64999999998827 -50.150000000002265
126.49999999998828 -50.55000000000224
126.44999999998828 -50.700000000002234
126.34999999998828 -50.95000000000222
126.1999999999883 -51.3500000000022
126.0999999999883 -51.60000000000218
126.0499999999883 -51.750000000002174
125.94999999998831 -52.00000000000216
125.84999999998831 -52.250000000002146
125.74999999998832 -52.50000000000213
125.69999999998832 -52.65000000000212
125.59999999998833 -52.90000000000211
125.49999999998833 -53.150000000002095
125.39999999998834 -53.40000000000208
125.29999999998834 -53.650000000002066
125.14999999998835 -54.000000000002046
125.04999999998836 -54.25000000000203
124.94999999998836 -54.50000000000202
124.89999999998837 -54.60000000000201
124.79999999998837 -54.850000000002
124.69999999998838 -55.100000000001984
124.64999999998838 -55.20000000000198
124.54999999998839 -55.450000000001964
124.49999999998839 -55.55000000000196
124.3999999999884 -55.800000000001944
124.3499999999884 -55.90000000000194
124.1999999999884 -56.25000000000192
124.14999999998841 -56.35000000000191
123.99999999998842 -56.70000000000189
123.94999999998842 -56.80000000000189
123.79999999998843 -57.15000000000187
123.74999999998843 -57.25000000000186
123.54999999998844 -57.700000000001836
123.49999999998845 -57.80000000000183
123.44999999998845 -57.900000000001825
123.39999999998845 -58.00000000000182
123.14999999998847 -58.55000000000179
123.09999999998847 -58.65000000000178
123.04999999998847 -58.750000000001776
122.99999999998847 -58.85000000000177
122.94999999998848 -58.950000000001765
122.89999999998848 -59.05000000000176
122.84999999998848 -59.150000000001754
122.79999999998849 -59.25000000000175
122.74999999998849 -59.35000000000174
122.4499999999885 -59.95000000000171
122.39999999998851 -60.0500000000017
122.34999999998851 -60.1500000000017
122.29999999998851 -60.25000000000169
122.24999999998852 -60.350000000001685
122.19999999998852 -60.45000000000168
122.14999999998852 -60.550000000001674
122.09999999998853 -60.65000000000167
121.79999999998854 -61.20000000000164
121.74999999998855 -61.30000000000163
121.69999999998855 -61.400000000001626
121.49999999998856 -61.750000000001606
121.44999999998856 -61.8500000000016
121.39999999998857 -61.950000000001594
121.24999999998857 -62.20000000000158
121.19999999998858 -62.300000000001575
120.99999999998859 -62.650000000001555
120.8499999999886 -62.90000000000154
120.7999999999886 -63.000000000001535
120.64999999998861 -63.25000000000152
120.49999999998862 -63.500000000001506
120.34999999998863 -63.75000000000149
120.24999999998863 -63.900000000001484
120.19999999998863 -64.00000000000148
120.09999999998864 -64.15000000000147
119.99999999998865 -64.30000000000146
119.94999999998865 -64.40000000000146
119.84999999998865 -64.55000000000145
119.74999999998866 -64.70000000000144
119.64999999998867 -64.85000000000143
119.1499999999887 -65.60000000000139
119.0499999999887 -65.75000000000138
118.9499999999887 -65.90000000000137
118.84999999998871 -66.05000000000136
118.69999999998872 -66.25000000000135
118.59999999998873 -66.40000000000134
118.44999999998873 -66.60000000000133
118.34999999998874 -66.75000000000132
118.19999999998875 -66.95000000000131
118.04999999998876 -67.1500000000013
117.89999999998876 -67.35000000000129
117.74999999998877 -67.55000000000128
117.69999999998878 -67.60000000000127
117.54999999998878 -67.80000000000126
117.3499999999888 -68.05000000000125
117.14999999998881 -68.30000000000123
117.09999999998881 -68.35000000000123
116.89999999998882 -68.60000000000122
116.84999999998882 -68.65000000000121
116.64999999998884 -68.9000000000012
116.59999999998884 -68.9500000000012
116.29999999998886 -69.30000000000118
116.24999999998886 -69.35000000000117
116.19999999998886 -69.40000000000117
115.89999999998888 -69.75000000000115
115.84999999998888 -69.80000000000115
115.79999999998888 -69.85000000000115
115.74999999998889 -69.90000000000114
115.69999999998889 -69.95000000000114
114.14999999998898 -71.50000000000105
114.09999999998898 -71.55000000000105
114.04999999998898 -71.60000000000105
113.99999999998899 -71.65000000000104
113.94999999998899 -71.70000000000104
113.59999999998901 -72.00000000000102
113.54999999998901 -72.05000000000102
113.49999999998902 -72.10000000000102
113.19999999998903 -72.350000000001
113.14999999998903 -72.400000000001
113.09999999998904 -72.450000000001
112.84999999998905 -72.65000000000099
112.79999999998905 -72.70000000000098
112.54999999998907 -72.90000000000097
112.29999999998908 -73.10000000000096
112.0999999999891 -73.25000000000095
112.0499999999891 -73.30000000000095
111.84999999998911 -73.45000000000094
111.64999999998912 -73.60000000000093
111.44999999998913 -73.75000000000092
111.24999999998914 -73.90000000000092
111.09999999998915 -74.00000000000091
110.89999999998916 -74.1500000000009
110.74999999998917 -74.2500000000009
110.59999999998918 -74.35000000000089
110.39999999998919 -74.50000000000088
110.2499999999892 -74.60000000000088
110.09999999998921 -74.70000000000087
109.94999999998922 -74.80000000000086
109.84999999998922 -74.85000000000086
109.69999999998923 -74.95000000000086
109.54999999998924 -75.05000000000085
109.39999999998925 -75.15000000000084
109.29999999998925 -75.20000000000084
109.14999999998926 -75.30000000000084
108.89999999998928 -75.45000000000083
108.64999999998929 -75.60000000000082
108.5499999999893 -75.65000000000082
108.3999999999893 -75.75000000000081
108.29999999998931 -75.80000000000081
108.19999999998932 -75.8500000000008
107.94999999998933 -76.0000000000008
107.84999999998934 -76.0500000000008
107.49999999998936 -76.25000000000078
107.39999999998936 -76.30000000000078
107.29999999998937 -76.35000000000078
107.19999999998937 -76.40000000000077
107.09999999998938 -76.45000000000077
106.99999999998938 -76.50000000000077
106.09999999998944 -76.95000000000074
105.99999999998944 -77.00000000000074
105.89999999998945 -77.05000000000074
105.79999999998945 -77.10000000000073
105.69999999998946 -77.15000000000073
105.59999999998946 -77.20000000000073
105.24999999998948 -77.35000000000072
105.14999999998949 -77.40000000000072
105.0499999999895 -77.45000000000071
104.79999999998951 -77.55000000000071
104.69999999998952 -77.6000000000007
104.34999999998954 -77.7500000000007
104.09999999998955 -77.85000000000069
103.99999999998956 -77.90000000000069
103.74999999998957 -78.00000000000068
103.49999999998958 -78.10000000000068
103.2499999999896 -78.20000000000067
102.99999999998961 -78.30000000000067
102.84999999998962 -78.35000000000066
102.59999999998963 -78.45000000000066
102.44999999998964 -78.50000000000065
102.19999999998966 -78.60000000000065
102.04999999998967 -78.65000000000065
101.89999999998967 -78.70000000000064
101.64999999998969 -78.80000000000064
101.4999999999897 -78.85000000000063
101.3499999999897 -78.90000000000063
101.19999999998971 -78.95000000000063
101.04999999998972 -79.00000000000063
100.89999999998973 -79.05000000000062
100.74999999998974 -79.10000000000062
100.59999999998975 -79.15000000000062
100.44999999998976 -79.20000000000061
100.29999999998977 -79.25000000000061
100.14999999998977 -79.30000000000061
99.99999999998978 -79.3500000000006
99.6499999999898 -79.4500000000006
99.49999999998981 -79.5000000000006
99.34999999998982 -79.5500000000006
98.99999999998984 -79.65000000000059
98.84999999998985 -79.70000000000059
98.64999999998986 -79.75000000000058
98.49999999998987 -79.80000000000058
98.29999999998988 -79.85000000000058
98.14999999998989 -79.90000000000057
97.9499999999899 -79.95000000000057
97.59999999998992 -80.05000000000057
97.39999999998993 -80.10000000000056
97.04999999998995 -80.20000000000056
96.84999999998996 -80.25000000000055
96.64999999998997 -80.30000000000055
96.44999999998998 -80.35000000000055
96.24999999999 -80.40000000000055
96.04999999999 -80.45000000000054
95.84999999999002 -80.50000000000054
95.64999999999003 -80.55000000000054
95.44999999999004 -80.60000000000053
95.19999999999006 -80.65000000000053
94.99999999999007 -80.70000000000053
94.79999999999008 -80.75000000000053
94.54999999999009 -80.80000000000052
94.3499999999901 -80.85000000000052
94.09999999999012 -80.90000000000052
93.89999999999013 -80.95000000000051
93.64999999999014 -81.00000000000051
93.44999999999015 -81.05000000000051
93.19999999999017 -81.1000000000005
92.94999999999018 -81.1500000000005
92.6999999999902 -81.2000000000005
92.44999999999021 -81.2500000000005
92.19999999999023 -81.3000000000005
91.94999999999024 -81.35000000000049
91.69999999999025 -81.40000000000049
91.44999999999027 -81.45000000000049
91.14999999999029 -81.50000000000048
90.8999999999903 -81.55000000000048
90.59999999999032 -81.60000000000048
90.34999999999033 -81.65000000000047
90.04999999999035 -81.70000000000047
89.74999999999037 -81.75000000000047
89.49999999999038 -81.80000000000047
89.1999999999904 -81.85000000000046
88.89999999999041 -81.90000000000046
88.59999999999043 -81.95000000000046
88.24999999999045 -82.00000000000045
87.94999999999047 -82.05000000000045
87.64999999999048 -82.10000000000045
87.2999999999905 -82.15000000000045
86.99999999999052 -82.20000000000044
86.94999999999052 -82.20000000000044
86.64999999999054 -82.25000000000044
86.29999999999056 -82.30000000000044
85.94999999999058 -82.35000000000043
85.5999999999906 -82.40000000000043
85.24999999999062 -82.45000000000043
85.19999999999062 -82.45000000000043
84.84999999999064 -82.50000000000043
84.49999999999066 -82.55000000000042
84.44999999999067 -82.55000000000042
84.09999999999069 -82.60000000000042
83.69999999999071 -82.65000000000042
83.29999999999073 -82.70000000000041
82.89999999999075 -82.75000000000041
82.49999999999078 -82.80000000000041
82.44999999999078 -82.80000000000041
82.0499999999908 -82.8500000000004
81.59999999999083 -82.9000000000004
81.14999999999085 -82.9500000000004
80.69999999999088 -83.0000000000004
80.2499999999909 -83.0500000000004
79.79999999999093 -83.10000000000039
79.74999999999093 -83.10000000000039
79.29999999999096 -83.15000000000039
79.24999999999096 -83.15000000000039
78.79999999999099 -83.20000000000039
78.74999999999099 -83.20000000000039
78.29999999999102 -83.25000000000038
78.24999999999102 -83.25000000000038
77.74999999999105 -83.30000000000038
77.24999999999108 -83.35000000000038
77.19999999999108 -83.35000000000038
76.6999999999911 -83.40000000000038
76.64999999999111 -83.40000000000038
76.09999999999114 -83.45000000000037
75.54999999999117 -83.50000000000037
75.49999999999118 -83.50000000000037
74.9499999999912 -83.55000000000037
74.89999999999121 -83.55000000000037
74.29999999999124 -83.60000000000036
73.69999999999128 -83.65000000000036
73.64999999999128 -83.65000000000036
73.04999999999131 -83.70000000000036
72.99999999999132 -83.70000000000036
72.34999999999135 -83.75000000000036
72.29999999999136 -83.75000000000036
71.6499999999914 -83.80000000000035
71.5999999999914 -83.80000000000035
70.94999999999143 -83.85000000000035
70.89999999999144 -83.85000000000035
70.19999999999148 -83.90000000000035
70.14999999999148 -83.90000000000035
69.39999999999152 -83.95000000000034
69.34999999999152 -83.95000000000034
68.59999999999157 -84.00000000000034
68.54999999999157 -84.00000000000034
67.74999999999162 -84.05000000000034
67.69999999999162 -84.05000000000034
66.89999999999166 -84.10000000000034
66.84999999999167 -84.10000000000034
65.99999999999172 -84.15000000000033
65.94999999999172 -84.15000000000033
65.89999999999172 -84.15000000000033
65.04999999999177 -84.20000000000033
64.99999999999177 -84.20000000000033
64.94999999999177 -84.20000000000033
63.99999999999183 -84.25000000000033
63.94999999999183 -84.25000000000033
62.94999999999189 -84.30000000000032
62.89999999999189 -84.30000000000032
62.849999999991894 -84.30000000000032
61.84999999999195 -84.35000000000032
61.799999999991954 -84.35000000000032
61.74999999999196 -84.35000000000032
60.64999999999202 -84.40000000000032
60.59999999999202 -84.40000000000032
60.549999999992025 -84.40000000000032
59.34999999999209 -84.45000000000032
59.299999999992096 -84.45000000000032
59.2499999999921 -84.45000000000032
57.94999999999217 -84.50000000000031
57.899999999992176 -84.50000000000031
57.84999999999218 -84.50000000000031
56.44999999999226 -84.55000000000031
56.39999999999226 -84.55000000000031
56.349999999992264 -84.55000000000031
56.29999999999227 -84.55000000000031
54.79999999999235 -84.6000000000003
54.749999999992355 -84.6000000000003
54.69999999999236 -84.6000000000003
54.64999999999236 -84.6000000000003
52.94999999999246 -84.6500000000003
52.89999999999246 -84.6500000000003
52.84999999999246 -84.6500000000003
52.799999999992465 -84.6500000000003
52.74999999999247 -84.6500000000003
50.79999999999258 -84.7000000000003
50.74999999999258 -84.7000000000003
50.699999999992585 -84.7000000000003
50.64999999999259 -84.7000000000003
50.59999999999259 -84.7000000000003
50.54999999999259 -84.7000000000003
48.14999999999273 -84.7500000000003
48.09999999999273 -84.7500000000003
48.049999999992735 -84.7500000000003
47.99999999999274 -84.7500000000003
47.94999999999274 -84.7500000000003
47.899999999992744 -84.7500000000003
47.84999999999275 -84.7500000000003
47.79999999999275 -84.7500000000003
44.49999999999294 -84.8000000000003
44.44999999999294 -84.8000000000003
44.39999999999294 -84.8000000000003
44.349999999992946 -84.8000000000003
44.29999999999295 -84.8000000000003
44.24999999999295 -84.8000000000003
44.199999999992954 -84.8000000000003
44.14999999999296 -84.8000000000003
44.09999999999296 -84.8000000000003
44.04999999999296 -84.8000000000003
43.999999999992966 -84.8000000000003
30.99999999999363 -84.8000000000003
30.94999999999363 -84.8000000000003
30.89999999999363 -84.8000000000003
30.849999999993628 -84.8000000000003
30.799999999993627 -84.8000000000003
30.749999999993626 -84.8000000000003
30.699999999993626 -84.8000000000003
30.649999999993625 -84.8000000000003
30.599999999993624 -84.8000000000003
30.549999999993624 -84.8000000000003
30.499999999993623 -84.8000000000003
27.199999999993576 -84.7500000000003
27.149999999993575 -84.7500000000003
27.099999999993575 -84.7500000000003
27.049999999993574 -84.7500000000003
26.999999999993573 -84.7500000000003
26.949999999993572 -84.7500000000003
26.89999999999357 -84.7500000000003
26.84999999999357 -84.7500000000003
24.449999999993537 -84.7000000000003
24.399999999993536 -84.7000000000003
24.349999999993535 -84.7000000000003
24.299999999993535 -84.7000000000003
24.249999999993534 -84.7000000000003
24.199999999993533 -84.7000000000003
22.249999999993506 -84.6500000000003
22.199999999993505 -84.6500000000003
22.149999999993504 -84.6500000000003
22.099999999993504 -84.6500000000003
22.049999999993503 -84.6500000000003
20.34999999999348 -84.6000000000003
20.299999999993478 -84.6000000000003
20.249999999993477 -84.6000000000003
20.199999999993477 -84.6000000000003
18.699999999993455 -84.55000000000031
18.649999999993454 -84.55000000000031
18.599999999993454 -84.55000000000031
18.549999999993453 -84.55000000000031
17.149999999993433 -84.50000000000031
17.099999999993432 -84.50000000000031
17.04999999999343 -84.50000000000031
15.749999999993413 -84.45000000000032
15.699999999993413 -84.45000000000032
15.649999999993412 -84.45000000000032
14.449999999993395 -84.40000000000032
14.399999999993394 -84.40000000000032
14.349999999993393 -84.40000000000032
13.249999999993378 -84.35000000000032
13.199999999993377 -84.35000000000032
13.149999999993376 -84.35000000000032
12.149999999993362 -84.30000000000032
12.099999999993361 -84.30000000000032
12.04999999999336 -84.30000000000032
11.049999999993346 -84.25000000000033
10.999999999993346 -84.25000000000033
10.049999999993332 -84.20000000000033
9.999999999993332 -84.20000000000033
9.94999999999333 -84.20000000000033
9.099999999993319 -84.15000000000033
9.049999999993318 -84.15000000000033
8.999999999993317 -84.15000000000033
8.149999999993305 -84.10000000000034
8.099999999993305 -84.10000000000034
7.2999999999933065 -84.05000000000034
7.249999999993307 -84.05000000000034
6.4499999999933095 -84.00000000000034
6.39999999999331 -84.00000000000034
5.649999999993312 -83.95000000000034
5.5999999999933125 -83.95000000000034
4.849999999993315 -83.90000000000035
4.799999999993315 -83.90000000000035
4.099999999993318 -83.85000000000035
4.049999999993318 -83.85000000000035
3.3999999999933204 -83.80000000000035
3.3499999999933205 -83.80000000000035
2.699999999993323 -83.75000000000036
2.649999999993323 -83.75000000000036
1.9999999999933251 -83.70000000000036
1.949999999993325 -83.70000000000036
1.3499999999933245 -83.65000000000036
1.2999999999933245 -83.65000000000036
0.699999999993324 -83.60000000000036
0.09999999999332392 -83.55000000000037
0.04999999999332391 -83.55000000000037
-0.5000000000066761 -83.50000000000037
-0.5500000000066761 -83.50000000000037
-1.1000000000066765 -83.45000000000037
-1.650000000006677 -83.40000000000038
-1.700000000006677 -83.40000000000038
-2.2000000000066766 -83.35000000000038
-2.2500000000066764 -83.35000000000038
-2.7500000000066747 -83.30000000000038
-3.250000000006673 -83.25000000000038
-3.3000000000066727 -83.25000000000038
-3.750000000006671 -83.20000000000039
-3.800000000006671 -83.20000000000039
-4.250000000006669 -83.15000000000039
-4.300000000006669 -83.15000000000039
-4.7500000000066676 -83.10000000000039
-4.800000000006667 -83.10000000000039
-5.250000000006666 -83.0500000000004
-5.700000000006664 -83.0000000000004
-6.150000000006663 -82.9500000000004
-6.600000000006661 -82.9000000000004
-7.050000000006659 -82.8500000000004
-7.450000000006658 -82.80000000000041
-7.500000000006658 -82.80000000000041
-7.900000000006656 -82.75000000000041
-8.30000000000666 -82.70000000000041
-8.700000000006666 -82.65000000000042
-9.100000000006672 -82.60000000000042
-9.450000000006677 -82.55000000000042
-9.500000000006677 -82.55000000000042
-9.850000000006682 -82.50000000000043
-10.200000000006687 -82.45000000000043
-10.250000000006688 -82.45000000000043
-10.600000000006693 -82.40000000000043
-10.950000000006698 -82.35000000000043
-11.300000000006703 -82.30000000000044
-11.650000000006708 -82.25000000000044
-11.950000000006712 -82.20000000000044
-12.000000000006713 -82.20000000000044
-12.300000000006717 -82.15000000000045
-12.650000000006722 -82.10000000000045
-12.950000000006726 -82.05000000000045
-13.25000000000673 -82.00000000000045
-13.600000000006736 -81.95000000000046
-13.90000000000674 -81.90000000000046
-14.200000000006744 -81.85000000000046
-14.500000000006748 -81.80000000000047
-14.750000000006752 -81.75000000000047
-15.050000000006756 -81.70000000000047
-15.35000000000676 -81.65000000000047
-15.600000000006764 -81.60000000000048
-15.900000000006768 -81.55000000000048
-16.15000000000677 -81.50000000000048
-16.450000000006774 -81.45000000000049
-16.700000000006778 -81.40000000000049
-16.95000000000678 -81.35000000000049
-17.200000000006785 -81.3000000000005
-17.45000000000679 -81.2500000000005
-17.700000000006792 -81.2000000000005
-17.950000000006796 -81.1500000000005
-18.2000000000068 -81.1000000000005
-18.450000000006803 -81.05000000000051
-18.650000000006806 -81.00000000000051
-18.90000000000681 -80.95000000000051
-19.100000000006812 -80.90000000000052
-19.350000000006816 -80.85000000000052
-19.55000000000682 -80.80000000000052
-19.800000000006822 -80.75000000000053
-20.000000000006825 -80.70000000000053
-20.200000000006828 -80.65000000000053
-20.45000000000683 -80.60000000000053
-20.650000000006834 -80.55000000000054
-20.850000000006837 -80.50000000000054
-21.05000000000684 -80.45000000000054
-21.250000000006843 -80.40000000000055
-21.450000000006845 -80.35000000000055
-21.650000000006848 -80.30000000000055
-21.85000000000685 -80.25000000000055
-22.050000000006854 -80.20000000000056
-22.40000000000686 -80.10000000000056
-22.60000000000686 -80.05000000000057
-22.950000000006867 -79.95000000000057
-23.15000000000687 -79.90000000000057
-23.30000000000687 -79.85000000000058
-23.500000000006875 -79.80000000000058
-23.650000000006877 -79.75000000000058
-23.85000000000688 -79.70000000000059
-24.00000000000688 -79.65000000000059
-24.350000000006887 -79.5500000000006
-24.50000000000689 -79.5000000000006
-24.65000000000689 -79.4500000000006
-25.000000000006896 -79.3500000000006
-25.150000000006898 -79.30000000000061
-25.3000000000069 -79.25000000000061
-25.450000000006902 -79.20000000000061
-25.600000000006904 -79.15000000000062
-25.750000000006906 -79.10000000000062
-25.90000000000691 -79.05000000000062
-26.05000000000691 -79.00000000000063
-26.200000000006913 -78.95000000000063
-26.350000000006915 -78.90000000000063
-26.500000000006917 -78.85000000000063
-26.65000000000692 -78.80000000000064
-26.900000000006923 -78.70000000000064
-27.050000000006925 -78.65000000000065
-27.200000000006927 -78.60000000000065
-27.45000000000693 -78.50000000000065
-27.600000000006933 -78.45000000000066
-27.850000000006936 -78.35000000000066
-28.00000000000694 -78.30000000000067
-28.250000000006942 -78.20000000000067
-28.500000000006946 -78.10000000000068
-28.75000000000695 -78.00000000000068
-29.000000000006953 -77.90000000000069
-29.100000000006954 -77.85000000000069
-29.350000000006958 -77.7500000000007
-29.700000000006963 -77.6000000000007
-29.800000000006964 -77.55000000000071
-30.050000000006968 -77.45000000000071
-30.15000000000697 -77.40000000000072
-30.25000000000697 -77.35000000000072
-30.600000000006975 -77.20000000000073
-30.700000000006977 -77.15000000000073
-30.80000000000698 -77.10000000000073
-30.90000000000698 -77.05000000000074
-31.00000000000698 -77.00000000000074
-31.100000000006983 -76.95000000000074
-32.00000000000699 -76.50000000000077
-32.100000000006986 -76.45000000000077
-32.20000000000698 -76.40000000000077
-32.300000000006975 -76.35000000000078
-32.40000000000697 -76.30000000000078
-32.50000000000696 -76.25000000000078
-32.85000000000694 -76.0500000000008
-32.95000000000694 -76.0000000000008
-33.20000000000692 -75.8500000000008
-33.30000000000692 -75.80000000000081
-33.40000000000691 -75.75000000000081
-33.550000000006904 -75.65000000000082
-33.6500000000069 -75.60000000000082
-33.900000000006884 -75.45000000000083
-34.15000000000687 -75.30000000000084
-34.30000000000686 -75.20000000000084
-34.400000000006855 -75.15000000000084
-34.55000000000685 -75.05000000000085
-34.70000000000684 -74.95000000000086
-34.85000000000683 -74.85000000000086
-34.950000000006824 -74.80000000000086
-35.100000000006816 -74.70000000000087
-35.25000000000681 -74.60000000000088
-35.4000000000068 -74.50000000000088
-35.60000000000679 -74.35000000000089
-35.75000000000678 -74.2500000000009
-35.90000000000677 -74.1500000000009
-36.10000000000676 -74.00000000000091
-36.25000000000675 -73.90000000000092
-36.45000000000674 -73.75000000000092
-36.65000000000673 -73.60000000000093
-36.850000000006716 -73.45000000000094
-37.050000000006705 -73.30000000000095
-37.1000000000067 -73.25000000000095
-37.30000000000669 -73.10000000000096
-37.550000000006676 -72.90000000000097
-37.80000000000666 -72.70000000000098
-37.85000000000666 -72.65000000000099
-38.100000000006645 -72.450000000001
-38.15000000000664 -72.400000000001
-38.20000000000664 -72.350000000001
-38.50000000000662 -72.10000000000102
-38.55000000000662 -72.05000000000102
-38.60000000000662 -72.00000000000102
-38.9500000000066 -71.70000000000104
-39.000000000006594 -71.65000000000104
-39.05000000000659 -71.60000000000105
-39.10000000000659 -71.55000000000105
-39.150000000006585 -71.50000000000105
-40.7000000000065 -69.95000000000114
-40.750000000006494 -69.90000000000114
-40.80000000000649 -69.85000000000115
-40.85000000000649 -69.80000000000115
-40.900000000006486 -69.75000000000115
-41.20000000000647 -69.40000000000117
-41.250000000006466 -69.35000000000117
-41.30000000000646 -69.30000000000118
-41.600000000006446 -68.9500000000012
-41.65000000000644 -68.9000000000012
-41.85000000000643 -68.65000000000121
-41.90000000000643 -68.60000000000122
-42.10000000000642 -68.35000000000123
-42.150000000006415 -68.30000000000123
-42.3500000000064 -68.05000000000125
-42.55000000000639 -67.80000000000126
-42.70000000000638 -67.60000000000127
-42.75000000000638 -67.55000000000128
-42.90000000000637 -67.35000000000129
-43.050000000006364 -67.1500000000013
-43.200000000006355 -66.95000000000131
-43.35000000000635 -66.75000000000132
-43.45000000000634 -66.60000000000133
-43.60000000000633 -66.40000000000134
-43.70000000000633 -66.25000000000135
-43.85000000000632 -66.05000000000136
-43.95000000000631 -65.90000000000137
-44.05000000000631 -65.75000000000138
-44.1500000000063 -65.60000000000139
-44.65000000000627 -64.85000000000143
-44.75000000000627 -64.70000000000144
-44.85000000000626 -64.55000000000145
-44.950000000006256 -64.40000000000146
-45.00000000000625 -64.30000000000146
-45.10000000000625 -64.15000000000147
-45.20000000000624 -64.00000000000148
-45.25000000000624 -63.900000000001484
-45.35000000000623 -63.75000000000149
-45.500000000006224 -63.500000000001506
-45.650000000006216 -63.25000000000152
-45.80000000000621 -63.000000000001535
-45.850000000006204 -62.90000000000154
-46.000000000006196 -62.650000000001555
-46.200000000006185 -62.300000000001575
-46.25000000000618 -62.20000000000158
-46.40000000000617 -61.950000000001594
-46.45000000000617 -61.8500000000016
-46.50000000000617 -61.750000000001606
-46.700000000006156 -61.400000000001626
-46.75000000000615 -61.30000000000163
-46.80000000000615 -61.20000000000164
-47.10000000000613 -60.65000000000167
-47.15000000000613 -60.550000000001674
-47.20000000000613 -60.45000000000168
-47.250000000006125 -60.350000000001685
-47.30000000000612 -60.25000000000169
-47.35000000000612 -60.1500000000017
-47.400000000006116 -60.0500000000017
-47.45000000000611 -59.95000000000171
-47.7500000000061 -59.35000000000174
-47.800000000006094 -59.25000000000175
-47.85000000000609 -59.150000000001754
-47.90000000000609 -59.05000000000176
-47.950000000006085 -58.950000000001765
-48.00000000000608 -58.85000000000177
-48.05000000000608 -58.750000000001776
-48.10000000000608 -58.65000000000178
-48.150000000006074 -58.55000000000179
-48.40000000000606 -58.00000000000182
-48.45000000000606 -57.900000000001825
-48.500000000006054 -57.80000000000183
-48.55000000000605 -57.700000000001836
-48.75000000000604 -57.25000000000186
-48.80000000000604 -57.15000000000187
-48.95000000000603 -56.80000000000189
-49.000000000006025 -56.70000000000189
-49.15000000000602 -56.35000000000191
-49.200000000006014 -56.25000000000192
-49.350000000006006 -55.90000000000194
-49.400000000006 -55.800000000001944
-49.500000000006 -55.55000000000196
-49.550000000005994 -55.450000000001964
-49.65000000000599 -55.20000000000198
-49.700000000005986 -55.100000000001984
-49.80000000000598 -54.850000000002
-49.900000000005974 -54.60000000000201
-49.95000000000597 -54.50000000000202
-50.050000000005966 -54.25000000000203
-50.15000000000596 -54.000000000002046
-50.30000000000595 -53.650000000002066
-50.400000000005946 -53.40000000000208
-50.50000000000594 -53.150000000002095
-50.600000000005934 -52.90000000000211
-50.70000000000593 -52.65000000000212
-50.750000000005926 -52.50000000000213
-50.85000000000592 -52.250000000002146
-50.950000000005915 -52.00000000000216
-51.05000000000591 -51.750000000002174
-51.100000000005906 -51.60000000000218
-51.2000000000059 -51.3500000000022
-51.35000000000589 -50.95000000000222
-51.450000000005886 -50.700000000002234
-51.50000000000588 -50.55000000000224
-51.650000000005875 -50.150000000002265
-51.800000000005866 -49.75000000000229
-51.85000000000586 -49.6000000000023
-52.000000000005855 -49.20000000000232
-52.05000000000585 -49.05000000000233
-52.20000000000584 -48.65000000000235
-52.25000000000584 -48.50000000000236
-52.45000000000583 -47.95000000000239
-52.50000000000583 -47.8000000000024
-52.550000000005824 -47.65000000000241
-52.80000000000581 -46.95000000000245
-52.85000000000581 -46.800000000002456
-52.900000000005804 -46.650000000002464
-52.9500000000058 -46.50000000000247
-53.400000000005775 -45.20000000000255
-53.45000000000577 -45.050000000002555
-53.50000000000577 -44.900000000002564
-53.55000000000577 -44.75000000000257
-53.600000000005764 -44.60000000000258
-53.65000000000576 -44.45000000000259
-53.70000000000576 -44.3000000000026
-53.750000000005755 -44.150000000002606
-53.80000000000575 -44.000000000002615
-53.85000000000575 -43.85000000000262
-53.90000000000575 -43.70000000000263
-54.35000000000572 -42.30000000000271
-54.40000000000572 -42.15000000000272
-54.450000000005716 -42.00000000000273
-54.50000000000571 -41.85000000000274
-54.55000000000571 -41.700000000002746
-54.800000000005696 -40.90000000000279
-54.85000000000569 -40.7500000000028
-54.90000000000569 -40.60000000000281
-55.10000000000568 -39.950000000002845
-55.150000000005676 -39.80000000000285
-55.20000000000567 -39.65000000000286
-55.40000000000566 -39.0000000000029
-55.45000000000566 -38.85000000000291
-55.60000000000565 -38.350000000002936
-55.65000000000565 -38.200000000002944
-55.700000000005645 -38.05000000000295
-55.850000000005636 -37.55000000000298
-55.90000000000563 -37.40000000000299
-56.050000000005625 -36.90000000000302
-56.10000000000562 -36.75000000000303
-56.25000000000561 -36.250000000003055
-56.400000000005605 -35.750000000003084
-56.4500000000056 -35.60000000000309
-56.60000000000559 -35.10000000000312
-56.750000000005585 -34.60000000000315
-56.80000000000558 -34.45000000000316
-56.900000000005576 -34.10000000000318
-56.95000000000557 -33.950000000003186
-57.05000000000557 -33.600000000003206
-57.100000000005565 -33.450000000003214
-57.250000000005556 -32.95000000000324
-57.40000000000555 -32.45000000000327
-57.55000000000554 -31.950000000003296
-57.650000000005534 -31.60000000000329
-57.70000000000553 -31.45000000000329
-57.800000000005525 -31.100000000003284
-57.85000000000552 -30.950000000003282
-57.95000000000552 -30.600000000003277
-58.10000000000551 -30.10000000000327
-58.2500000000055 -29.600000000003263
-58.350000000005494 -29.250000000003258
-58.40000000000549 -29.100000000003256
-58.500000000005485 -28.75000000000325
-58.65000000000548 -28.250000000003244
-58.80000000000547 -27.750000000003237
-58.90000000000546 -27.40000000000323
-58.95000000000546 -27.25000000000323
-59.050000000005454 -26.900000000003224
-59.200000000005446 -26.400000000003217
-59.35000000000544 -25.90000000000321
-59.45000000000543 -25.550000000003205
-59.50000000000543 -25.400000000003203
-59.60000000000542 -25.050000000003198
-59.750000000005414 -24.55000000000319
-59.900000000005406 -24.050000000003184
-60.0000000000054 -23.70000000000318
-60.0500000000054 -23.550000000003177
-60.15000000000539 -23.200000000003172
-60.30000000000538 -22.700000000003165
-60.450000000005375 -22.200000000003158
-60.600000000005366 -21.70000000000315
-60.75000000000536 -21.200000000003143
-60.90000000000535 -20.700000000003136
-61.05000000000534 -20.20000000000313
-61.20000000000533 -19.700000000003122
-61.25000000000533 -19.55000000000312
-61.40000000000532 -19.050000000003113
-61.55000000000531 -18.550000000003106
-61.7000000000053 -18.0500000000031
-61.7500000000053 -17.900000000003097
-61.90000000000529 -17.40000000000309
-61.95000000000529 -17.250000000003087
-62.10000000000528 -16.75000000000308
-62.30000000000527 -16.10000000000307
-62.50000000000526 -15.450000000003062
-62.550000000005255 -15.30000000000306
-62.70000000000525 -14.800000000003052
-62.750000000005244 -14.65000000000305
-62.95000000000523 -14.000000000003041
-63.00000000000523 -13.850000000003039
-63.20000000000522 -13.20000000000303
-63.250000000005215 -13.050000000003028
-63.30000000000521 -12.900000000003025
-63.5000000000052 -12.250000000003016
-63.5500000000052 -12.100000000003014
-63.600000000005195 -11.950000000003012
-63.90000000000518 -11.000000000002998
-63.950000000005176 -10.850000000002996
-64.00000000000517 -10.700000000002994
-64.40000000000515 -9.450000000002976
-64.45000000000515 -9.300000000002974
-64.50000000000514 -9.150000000002972
-64.55000000000514 -9.00000000000297
-64.60000000000514 -8.850000000002968
-64.65000000000514 -8.700000000002966
-64.70000000000513 -8.550000000002964
-65.60000000000508 -5.8500000000029635
-65.65000000000508 -5.700000000002964
-65.70000000000508 -5.550000000002965
-65.75000000000507 -5.400000000002965
-65.80000000000507 -5.250000000002966
-65.85000000000507 -5.100000000002966
-65.90000000000506 -4.950000000002967
-66.25000000000504 -3.9500000000029702
-66.30000000000504 -3.800000000002971
-66.35000000000504 -3.6500000000029713
-66.65000000000502 -2.8000000000029743
-66.70000000000502 -2.650000000002975
-66.950000000005 -1.9500000000029771
-67.000000000005 -1.800000000002977
-67.20000000000499 -1.2500000000029765
-67.25000000000499 -1.1000000000029764
-67.40000000000498 -0.700000000002976
-67.45000000000498 -0.5500000000029759
-67.60000000000497 -0.15000000000297592
-67.65000000000497 -2.9759111841443087E-12
-67.80000000000496 0.39999999999702407
-68.00000000000495 0.9499999999970244
-68.15000000000494 1.3499999999970247
-68.30000000000493 1.749999999997025
-68.45000000000492 2.149999999997025
-68.60000000000491 2.5499999999970235
-68.7000000000049 2.7999999999970226
-68.8500000000049 3.1999999999970212
-68.95000000000489 3.4499999999970203
-69.10000000000488 3.849999999997019
-69.20000000000488 4.099999999997018
-69.55000000000486 4.999999999997015
-69.65000000000485 5.249999999997014
-69.75000000000485 5.499999999997013
-69.85000000000484 5.749999999997012
-69.95000000000483 5.999999999997011
-70.05000000000483 6.24999999999701
-70.30000000000481 6.849999999997008
-70.40000000000481 7.099999999997007
-70.5000000000048 7.3499999999970065
-70.6500000000048 7.699999999997005
-70.75000000000479 7.949999999997004
-70.90000000000478 8.299999999997008
-71.15000000000477 8.899999999997016
-71.30000000000476 9.249999999997021
-71.45000000000475 9.599999999997026
-71.60000000000474 9.949999999997031
-71.80000000000473 10.399999999997037
-71.95000000000472 10.749999999997042
-72.00000000000472 10.849999999997044
-72.15000000000471 11.199999999997049
-72.2000000000047 11.29999999999705
-72.4000000000047 11.749999999997057
-72.60000000000468 12.199999999997063
-72.65000000000468 12.299999999997064
-72.90000000000467 12.849999999997072
-72.95000000000466 12.949999999997074
-73.20000000000465 13.499999999997081
-73.25000000000465 13.599999999997083
-73.65000000000462 14.449999999997095
-73.70000000000462 14.549999999997096
-73.75000000000462 14.649999999997098
-75.45000000000452 18.049999999997144
-75.50000000000452 18.149999999997146
-75.55000000000452 18.249999999997147
-75.9500000000045 18.999999999997158
-76.00000000000449 19.09999999999716
-76.30000000000447 19.649999999997167
-76.35000000000447 19.74999999999717
-76.60000000000446 20.199999999997175
-76.85000000000444 20.64999999999718
-77.10000000000443 21.099999999997188
-77.30000000000442 21.449999999997193
-77.5000000000044 21.799999999997198
-77.85000000000439 22.399999999997206
-78.00000000000438 22.64999999999721
-78.35000000000436 23.24999999999722
-78.75000000000433 23.899999999997227
-78.90000000000433 24.14999999999723
-79.15000000000431 24.549999999997237
-79.4000000000043 24.949999999997242
-79.75000000000428 25.49999999999725
-79.85000000000427 25.649999999997252
-80.40000000000424 26.499999999997264
-80.50000000000423 26.649999999997267
-80.60000000000423 26.79999999999727
-81.1500000000042 27.59999999999728
-81.25000000000419 27.749999999997282
-81.35000000000419 27.899999999997284
-81.60000000000417 28.24999999999729
-81.95000000000415 28.749999999997296
-82.10000000000414 28.9499999999973
-82.35000000000413 29.299999999997304
-82.50000000000412 29.499999999997307
-82.9000000000041 30.049999999997315
-83.05000000000409 30.249999999997318
-83.40000000000407 30.699999999997324
-83.55000000000406 30.899999999997327
-83.90000000000404 31.349999999997333
-84.10000000000403 31.599999999997337
-84.30000000000402 31.84999999999734
-84.50000000000401 32.09999999999734
-84.700000000004 32.34999999999732
-84.95000000000398 32.649999999997306
-85.15000000000397 32.89999999999729
-85.20000000000397 32.94999999999729
-85.45000000000395 33.24999999999727
-85.70000000000394 33.549999999997254
-85.75000000000394 33.59999999999725
-86.05000000000392 33.94999999999723
-86.4000000000039 34.34999999999721
-86.80000000000388 34.79999999999718
-86.85000000000387 34.84999999999718
-87.30000000000385 35.34999999999715
-87.35000000000385 35.39999999999715
-88.0500000000038 36.14999999999711
-88.1000000000038 36.199999999997104
-88.1500000000038 36.2499999999971
-88.2000000000038 36.2999999999971
-88.2500000000038 36.349999999997095
-89.8500000000037 37.949999999997004
-89.9000000000037 37.999999999997
-89.9500000000037 38.049999999997
-90.0000000000037 38.099999999996996
-90.75000000000365 38.799999999996956
-90.80000000000365 38.84999999999695
-91.30000000000362 39.29999999999693
-91.35000000000362 39.349999999996925
-91.7500000000036 39.699999999996905
-91.80000000000359 39.7499999999969
-92.15000000000357 40.049999999996885
-92.20000000000357 40.09999999999688
-92.50000000000355 40.34999999999687
-92.55000000000355 40.399999999996865
-92.85000000000353 40.64999999999685
-93.15000000000352 40.89999999999684
-93.4500000000035 41.14999999999682
-93.70000000000348 41.34999999999681
-93.95000000000347 41.5499999999968
-94.20000000000346 41.74999999999679
-94.65000000000343 42.09999999999677
-94.85000000000342 42.24999999999676
-95.85000000000336 42.99999999999672
-96.05000000000335 43.14999999999671
-96.40000000000333 43.399999999996695
-96.75000000000331 43.64999999999668
-96.9000000000033 43.749999999996675
-97.40000000000327 44.099999999996655
-97.55000000000327 44.19999999999665
-97.70000000000326 44.29999999999664
-97.85000000000325 44.39999999999664
-98.00000000000324 44.49999999999663
-98.15000000000323 44.599999999996626
-98.30000000000322 44.69999999999662
-98.45000000000321 44.799999999996615
-98.6000000000032 44.89999999999661
-99.00000000000318 45.149999999996595
-99.15000000000317 45.24999999999659
-99.55000000000315 45.499999999996575
-99.80000000000314 45.64999999999657
-100.20000000000312 45.89999999999655
-100.4500000000031 46.049999999996544
-101.05000000000307 46.399999999996524
-101.40000000000305 46.59999999999651
-101.75000000000303 46.7999999999965
-102.200000000003 47.04999999999649
-102.65000000000298 47.29999999999647
-102.75000000000297 47.34999999999647
-103.50000000000293 47.74999999999645
-103.60000000000292 47.799999999996444
-103.70000000000292 47.84999999999644
-103.80000000000291 47.89999999999644
-105.00000000000284 48.499999999996405
-105.10000000000284 48.5499999999964
-105.20000000000283 48.5999999999964
-105.30000000000283 48.649999999996396
-105.40000000000282 48.69999999999639
-106.05000000000278 48.999999999996376
-106.15000000000278 49.04999999999637
-106.70000000000275 49.29999999999636
-107.15000000000272 49.49999999999635
-107.6000000000027 49.699999999996336
-107.95000000000267 49.84999999999633
-108.30000000000265 49.99999999999632
-108.55000000000264 50.099999999996314
-109.1500000000026 50.3499999999963
-109.40000000000259 50.449999999996294
-109.65000000000258 50.54999999999629
-110.30000000000254 50.799999999996274
-110.70000000000252 50.949999999996265
-111.1000000000025 51.09999999999626
-111.50000000000247 51.24999999999625
-111.65000000000246 51.299999999996245
-112.20000000000243 51.499999999996234
-112.35000000000242 51.54999999999623
-112.50000000000242 51.59999999999623
-114.00000000000233 52.0999999999962
-114.15000000000232 52.1499999999962
-114.30000000000231 52.199999999996194
-114.95000000000228 52.39999999999618
-115.10000000000227 52.44999999999618
-115.60000000000224 52.59999999999617
-115.95000000000222 52.699999999996166
-117.00000000000216 52.99999999999615
-117.35000000000214 53.09999999999614
-117.55000000000213 53.14999999999614
-118.1000000000021 53.29999999999613
-118.30000000000209 53.34999999999613
-118.50000000000207 53.399999999996126
-119.50000000000202 53.64999999999611
-119.700000000002 53.69999999999611
-119.900000000002 53.749999999996106
-120.55000000000196 53.8999999999961
-121.20000000000192 54.04999999999609
-121.4500000000019 54.099999999996086
-121.90000000000188 54.19999999999608
-122.15000000000187 54.24999999999608
-122.85000000000183 54.39999999999607
-123.10000000000181 54.449999999996066
-123.90000000000177 54.59999999999606
-124.15000000000175 54.649999999996055
-124.70000000000172 54.74999999999605
-125.55000000000167 54.89999999999604
-125.85000000000166 54.94999999999604
-126.15000000000164 54.999999999996035
-126.45000000000162 55.04999999999603
-126.8000000000016 55.09999999999603
-127.10000000000159 55.14999999999603
-127.45000000000157 55.199999999996024
-127.80000000000155 55.24999999999602
-128.50000000000165 55.349999999996015
-128.85000000000173 55.39999999999601
-129.25000000000182 55.44999999999601
-129.6000000000019 55.49999999999601
-130.050000000002 55.549999999996004
-130.4500000000021 55.599999999996
-130.9000000000022 55.649999999996
-131.3500000000023 55.699999999995995
-131.8000000000024 55.74999999999599
-132.3000000000025 55.79999999999599
-132.80000000000263 55.84999999999599
-132.85000000000264 55.84999999999599
-133.35000000000275 55.899999999995984
-133.40000000000276 55.899999999995984
-133.9500000000029 55.94999999999598
-134.0000000000029 55.94999999999598
-134.60000000000304 55.99999999999598
-135.3000000000032 56.049999999995975
-136.05000000000337 56.09999999999597
-136.10000000000338 56.09999999999597
-136.90000000000356 56.14999999999597
-136.95000000000357 56.14999999999597
-137.00000000000358 56.14999999999597
-137.9500000000038 56.19999999999597
-138.0000000000038 56.19999999999597
-138.05000000000382 56.19999999999597
-139.3000000000041 56.249999999995964
-139.35000000000412 56.249999999995964
-139.40000000000413 56.249999999995964
-139.45000000000414 56.249999999995964
-145.55000000000553 56.249999999995964
-145.60000000000554 56.249999999995964
-145.65000000000555 56.249999999995964
-145.70000000000556 56.249999999995964
-146.95000000000584 56.19999999999597
-147.00000000000585 56.19999999999597
-147.05000000000587 56.19999999999597
-148.00000000000608 56.14999999999597
-148.0500000000061 56.14999999999597
-148.1000000000061 56.14999999999597
-148.9000000000063 56.09999999999597
-148.9500000000063 56.09999999999597
-149.70000000000647 56.049999999995975
-150.40000000000663 55.99999999999598
-151.00000000000676 55.94999999999598
-151.05000000000678 55.94999999999598
-151.6000000000069 55.899999999995984
-151.6500000000069 55.899999999995984
-152.15000000000703 55.84999999999599
-152.20000000000704 55.84999999999599
-152.70000000000715 55.79999999999599
-153.20000000000726 55.74999999999599
-153.65000000000737 55.699999999995995
-154.10000000000747 55.649999999996
-154.55000000000757 55.599999999996
-154.95000000000766 55.549999999996004
-155.40000000000776 55.49999999999601
-155.75000000000784 55.44999999999601
-156.15000000000794 55.39999999999601
-156.50000000000801 55.349999999996015
-157.20000000000817 55.24999999999602
-157.55000000000825 55.199999999996024
-157.90000000000833 55.14999999999603
-158.2000000000084 55.09999999999603
-158.55000000000848 55.04999999999603
-158.85000000000855 54.999999999996035
-159.15000000000862 54.94999999999604
-159.45000000000869 54.89999999999604
-160.30000000000888 54.74999999999605
-160.850000000009 54.649999999996055
-161.10000000000906 54.59999999999606
-161.90000000000924 54.449999999996066
-162.1500000000093 54.39999999999607
-162.85000000000946 54.24999999999608
-163.10000000000952 54.19999999999608
-163.55000000000962 54.099999999996086
-163.80000000000967 54.04999999999609
-164.45000000000982 53.8999999999961
-165.10000000000997 53.749999999996106
-165.30000000001002 53.69999999999611
-165.50000000001006 53.64999999999611
-166.5000000000103 53.399999999996126
-166.70000000001033 53.34999999999613
-166.90000000001038 53.29999999999613
-167.4500000000105 53.14999999999614
-167.65000000001055 53.09999999999614
-168.00000000001063 52.99999999999615
-169.05000000001087 52.699999999996166
-169.40000000001095 52.59999999999617
-169.90000000001106 52.44999999999618
-170.0500000000111 52.39999999999618
-170.70000000001124 52.199999999996194
-170.85000000001128 52.1499999999962
-171.0000000000113 52.0999999999962
-172.50000000001165 51.59999999999623
-172.6500000000117 51.54999999999623
-172.80000000001172 51.499999999996234
-173.35000000001185 51.299999999996245
-173.50000000001188 51.24999999999625
-173.90000000001197 51.09999999999626
-174.30000000001206 50.949999999996265
-174.70000000001215 50.799999999996274
-175.3500000000123 50.54999999999629
-175.60000000001236 50.449999999996294
-175.85000000001241 50.3499999999963
-176.45000000001255 50.099999999996314
-176.7000000000126 49.99999999999632
-177.0500000000127 49.84999999999633
-177.40000000001277 49.699999999996336
-177.85000000001287 49.49999999999635
-178.30000000001297 49.29999999999636
-178.8500000000131 49.04999999999637
-178.95000000001312 48.999999999996376
-179.60000000001327 48.69999999999639
-179.7000000000133 48.649999999996396
-179.8000000000133 48.5999999999964
-179.90000000001334 48.5499999999964
