-13.800000000003038 -51.64999999999253
-13.750000000003038 -51.64999999999253
-13.700000000003037 -51.64999999999253
-13.650000000003036 -51.64999999999253
-13.600000000003035 -51.64999999999253
-13.550000000003035 -51.64999999999253
-13.500000000003034 -51.64999999999253
-13.450000000003033 -51.64999999999253
-13.400000000003033 -51.64999999999253
-11.600000000003007 -51.64999999999253
-11.550000000003006 -51.64999999999253
-11.500000000003006 -51.64999999999253
-11.450000000003005 -51.64999999999253
-11.400000000003004 -51.64999999999253
-11.350000000003003 -51.64999999999253
-11.300000000003003 -51.64999999999253
-11.250000000003002 -51.64999999999253
-11.200000000003001 -51.64999999999253
-11.150000000003 -51.64999999999253
-15.400000000003061 -51.599999999992534
-15.35000000000306 -51.599999999992534
-15.30000000000306 -51.599999999992534
-15.250000000003059 -51.599999999992534
-9.65000000000298 -51.599999999992534
-9.600000000002979 -51.599999999992534
-9.550000000002978 -51.599999999992534
-16.400000000003075 -51.54999999999254
-16.350000000003075 -51.54999999999254
-16.300000000003074 -51.54999999999254
-8.600000000002964 -51.54999999999254
-8.550000000002964 -51.54999999999254
-17.150000000003086 -51.49999999999254
-17.100000000003085 -51.49999999999254
-7.800000000002957 -51.49999999999254
-7.750000000002957 -51.49999999999254
-17.800000000003095 -51.44999999999254
-17.750000000003094 -51.44999999999254
-7.100000000002959 -51.44999999999254
-7.050000000002959 -51.44999999999254
-18.400000000003104 -51.399999999992545
-18.350000000003103 -51.399999999992545
-6.450000000002961 -51.399999999992545
-18.95000000000311 -51.34999999999255
-18.90000000000311 -51.34999999999255
-5.900000000002963 -51.34999999999255
-5.8500000000029635 -51.34999999999255
-19.400000000003118 -51.29999999999255
-5.400000000002965 -51.29999999999255
-5.350000000002965 -51.29999999999255
-19.850000000003124 -51.24999999999255
-4.900000000002967 -51.24999999999255
-20.30000000000313 -51.199999999992556
-4.4500000000029685 -51.199999999992556
-20.700000000003136 -51.14999999999256
-4.00000000000297 -51.14999999999256
-21.05000000000314 -51.09999999999256
-3.6000000000029715 -51.09999999999256
-21.450000000003147 -51.049999999992565
-3.200000000002973 -51.049999999992565
-21.800000000003152 -50.99999999999257
-2.850000000002974 -50.99999999999257
-22.100000000003156 -50.94999999999257
-2.5000000000029754 -50.94999999999257
-22.45000000000316 -50.89999999999257
-2.1500000000029766 -50.89999999999257
-22.750000000003165 -50.849999999992576
-1.800000000002977 -50.849999999992576
-23.05000000000317 -50.79999999999258
-23.350000000003174 -50.74999999999258
-1.1500000000029764 -50.74999999999258
-23.600000000003178 -50.699999999992585
-0.8500000000029762 -50.699999999992585
-23.900000000003182 -50.64999999999259
-0.5500000000029759 -50.64999999999259
-24.150000000003185 -50.59999999999259
-0.2500000000029759 -50.59999999999259
-24.40000000000319 -50.54999999999259
-2.9759111841443087E-12 -50.54999999999259
-24.650000000003192 -50.499999999992596
0.2999999999970241 -50.499999999992596
-24.900000000003196 -50.4499999999926
0.5499999999970241 -50.4499999999926
-25.1500000000032 -50.3999999999926
0.8499999999970244 -50.3999999999926
-25.400000000003203 -50.349999999992605
1.0999999999970245 -50.349999999992605
-25.600000000003206 -50.29999999999261
1.3499999999970247 -50.29999999999261
-25.85000000000321 -50.24999999999261
1.599999999997025 -50.24999999999261
-26.050000000003212 -50.19999999999261
1.8499999999970251 -50.19999999999261
2.099999999997025 -50.149999999992616
-26.50000000000322 -50.09999999999262
-26.70000000000322 -50.04999999999262
2.5499999999970235 -50.04999999999262
-26.900000000003224 -49.999999999992625
2.7999999999970226 -49.999999999992625
-27.100000000003227 -49.94999999999263
2.999999999997022 -49.94999999999263
-27.30000000000323 -49.89999999999263
-27.500000000003233 -49.84999999999263
3.4499999999970203 -49.84999999999263
-27.700000000003236 -49.799999999992636
3.6499999999970196 -49.799999999992636
-28.05000000000324 -49.69999999999264
4.099999999997018 -49.69999999999264
-28.250000000003244 -49.649999999992644
4.299999999997017 -49.649999999992644
4.499999999997017 -49.59999999999265
-28.60000000000325 -49.54999999999265
4.699999999997016 -49.54999999999265
4.899999999997015 -49.49999999999265
-28.950000000003254 -49.449999999992656
5.0999999999970145 -49.449999999992656
5.299999999997014 -49.39999999999266
-29.30000000000326 -49.34999999999266
-29.45000000000326 -49.299999999992664
5.849999999997012 -49.24999999999267
6.049999999997011 -49.19999999999267
-30.10000000000327 -49.099999999992676
6.39999999999701 -49.099999999992676
-30.250000000003272 -49.04999999999268
-30.400000000003274 -48.99999999999268
6.749999999997009 -48.99999999999268
-30.550000000003276 -48.949999999992684
-30.70000000000328 -48.89999999999269
7.099999999997007 -48.89999999999269
-30.85000000000328 -48.84999999999269
-31.000000000003283 -48.79999999999269
7.449999999997006 -48.79999999999269
-31.150000000003285 -48.749999999992696
7.599999999997006 -48.749999999992696
7.949999999997004 -48.6499999999927
8.099999999997005 -48.599999999992704
-31.700000000003293 -48.54999999999271
-31.850000000003295 -48.49999999999271
-32.10000000000329 -48.399999999992716
8.749999999997014 -48.399999999992716
-32.25000000000328 -48.34999999999272
8.899999999997016 -48.34999999999272
9.049999999997018 -48.29999999999272
-32.50000000000327 -48.249999999992724
9.19999999999702 -48.249999999992724
9.349999999997022 -48.19999999999273
9.499999999997025 -48.14999999999273
-32.900000000003246 -48.09999999999273
9.649999999997027 -48.09999999999273
9.799999999997029 -48.049999999992735
-33.15000000000323 -47.99999999999274
9.949999999997031 -47.99999999999274
10.099999999997033 -47.94999999999274
-33.50000000000321 -47.84999999999275
-33.7500000000032 -47.74999999999275
10.649999999997041 -47.74999999999275
10.799999999997043 -47.699999999992755
-34.10000000000318 -47.59999999999276
11.349999999997051 -47.49999999999277
-34.45000000000316 -47.44999999999277
-34.55000000000315 -47.39999999999277
11.749999999997057 -47.349999999992775
-35.000000000003126 -47.199999999992784
12.149999999997062 -47.199999999992784
-35.10000000000312 -47.14999999999279
12.399999999997066 -47.09999999999279
12.64999999999707 -46.999999999992795
12.899999999997073 -46.8999999999928
13.149999999997076 -46.79999999999281
-36.05000000000307 -46.69999999999281
13.39999999999708 -46.69999999999281
-36.15000000000306 -46.649999999992815
-36.250000000003055 -46.59999999999282
13.749999999997085 -46.54999999999282
14.09999999999709 -46.39999999999283
14.449999999997095 -46.24999999999284
-37.10000000000301 -46.14999999999284
-37.200000000003 -46.099999999992846
14.7999999999971 -46.099999999992846
-37.300000000002996 -46.04999999999285
14.899999999997101 -46.04999999999285
-37.650000000002976 -45.84999999999286
15.349999999997108 -45.84999999999286
-37.75000000000297 -45.79999999999286
15.44999999999711 -45.79999999999286
-38.000000000002956 -45.64999999999287
-38.10000000000295 -45.599999999992875
16.099999999997117 -45.49999999999288
-38.350000000002936 -45.44999999999288
16.199999999997118 -45.44999999999288
16.29999999999712 -45.399999999992886
16.39999999999712 -45.34999999999289
-38.60000000000292 -45.29999999999289
-38.85000000000291 -45.1499999999929
-39.10000000000289 -44.99999999999291
-39.50000000000287 -44.74999999999292
17.69999999999714 -44.699999999992926
-39.65000000000286 -44.64999999999293
17.79999999999714 -44.64999999999293
17.899999999997142 -44.59999999999293
17.999999999997144 -44.549999999992934
18.54999999999715 -44.24999999999295
18.649999999997153 -44.199999999992954
-40.55000000000281 -44.04999999999296
-40.7000000000028 -43.94999999999297
19.09999999999716 -43.94999999999297
19.19999999999716 -43.89999999999297
-40.850000000002794 -43.849999999992974
19.549999999997166 -43.69999999999298
-41.200000000002774 -43.59999999999299
19.79999999999717 -43.54999999999299
19.89999999999717 -43.499999999992994
-41.40000000000276 -43.449999999993
20.149999999997174 -43.349999999993
20.399999999997178 -43.19999999999301
20.64999999999718 -43.04999999999302
-42.00000000000273 -42.99999999999302
20.899999999997185 -42.89999999999303
-42.20000000000272 -42.84999999999303
-42.400000000002706 -42.69999999999304
-42.4500000000027 -42.64999999999304
21.29999999999719 -42.64999999999304
-42.65000000000269 -42.49999999999305
-42.70000000000269 -42.449999999993054
21.699999999997196 -42.39999999999306
21.8499999999972 -42.29999999999306
-42.950000000002674 -42.249999999993065
-43.20000000000266 -42.04999999999308
-43.25000000000266 -41.99999999999308
-43.55000000000264 -41.74999999999309
-43.60000000000264 -41.699999999993096
23.049999999997215 -41.49999999999311
-43.90000000000262 -41.44999999999311
-43.95000000000262 -41.39999999999311
23.199999999997218 -41.39999999999311
-44.000000000002615 -41.349999999993116
23.549999999997222 -41.14999999999313
23.699999999997225 -41.04999999999313
-44.40000000000259 -40.999999999993136
-44.45000000000259 -40.94999999999314
-44.500000000002586 -40.89999999999314
23.899999999997227 -40.89999999999314
-44.55000000000258 -40.849999999993145
24.04999999999723 -40.79999999999315
24.249999999997232 -40.649999999993156
24.449999999997235 -40.499999999993165
24.649999999997238 -40.34999999999317
24.84999999999724 -40.19999999999318
25.049999999997244 -40.04999999999319
25.299999999997247 -39.8499999999932
25.49999999999725 -39.69999999999321
25.749999999997254 -39.49999999999322
25.999999999997257 -39.29999999999323
26.29999999999726 -39.04999999999325
-46.40000000000248 -38.99999999999325
-46.450000000002476 -38.94999999999325
-46.50000000000247 -38.899999999993256
26.599999999997266 -38.79999999999326
26.89999999999727 -38.549999999993275
26.94999999999727 -38.49999999999328
-46.90000000000245 -38.44999999999328
-46.95000000000245 -38.399999999993284
27.299999999997276 -38.199999999993295
27.349999999997276 -38.1499999999933
-47.25000000000243 -38.049999999993304
-47.30000000000243 -37.99999999999331
27.749999999997282 -37.79999999999332
27.799999999997283 -37.74999999999332
-47.55000000000241 -37.699999999993324
-47.8000000000024 -37.39999999999334
28.34999999999729 -37.24999999999335
28.39999999999729 -37.19999999999335
-48.00000000000239 -37.149999999993355
28.449999999997292 -37.149999999993355
-48.050000000002385 -37.09999999999336
28.499999999997293 -37.09999999999336
-48.200000000002376 -36.89999999999337
-48.400000000002365 -36.64999999999338
-48.750000000002345 -36.19999999999341
-48.900000000002336 -35.99999999999342
-49.15000000000232 -35.64999999999344
-49.30000000000231 -35.44999999999345
30.249999999997318 -35.34999999999346
-49.40000000000231 -35.29999999999346
30.29999999999732 -35.29999999999346
30.34999999999732 -35.24999999999346
-49.5500000000023 -35.09999999999347
-49.650000000002294 -34.94999999999348
-49.75000000000229 -34.79999999999349
30.849999999997326 -34.699999999993494
-49.85000000000228 -34.6499999999935
30.899999999997327 -34.6499999999935
31.299999999997333 -34.19999999999352
-50.25000000000226 -34.04999999999353
-50.350000000002254 -33.89999999999354
31.599999999997337 -33.84999999999354
31.649999999997338 -33.799999999993545
-50.45000000000225 -33.74999999999355
31.89999999999734 -33.49999999999356
-50.700000000002234 -33.34999999999357
32.149999999997334 -33.19999999999358
-50.850000000002225 -33.099999999993585
-50.95000000000222 -32.949999999993594
32.39999999999732 -32.8999999999936
-51.10000000000221 -32.69999999999361
32.59999999999731 -32.64999999999361
32.7999999999973 -32.399999999993625
-51.3000000000022 -32.34999999999363
32.94999999999729 -32.199999999993636
-51.45000000000219 -32.09999999999364
-51.50000000000219 -31.999999999993644
33.14999999999728 -31.949999999993643
-51.65000000000218 -31.74999999999364
33.29999999999727 -31.74999999999364
-51.70000000000218 -31.64999999999364
33.44999999999726 -31.549999999993638
33.59999999999725 -31.349999999993635
-51.900000000002166 -31.299999999993634
-51.95000000000216 -31.199999999993633
-52.00000000000216 -31.09999999999363
33.84999999999724 -30.99999999999363
33.99999999999723 -30.799999999993627
34.09999999999722 -30.649999999993625
-52.35000000000214 -30.449999999993622
-52.40000000000214 -30.34999999999362
34.34999999999721 -30.29999999999362
-52.450000000002134 -30.24999999999362
-52.50000000000213 -30.149999999993618
34.4499999999972 -30.149999999993618
-52.55000000000213 -30.049999999993616
34.5499999999972 -29.999999999993616
-52.600000000002126 -29.949999999993615
-52.65000000000212 -29.849999999993614
-52.70000000000212 -29.749999999993612
-52.75000000000212 -29.64999999999361
-52.800000000002115 -29.54999999999361
-52.85000000000211 -29.449999999993608
-52.90000000000211 -29.349999999993607
35.04999999999717 -29.249999999993605
35.14999999999716 -29.099999999993603
35.24999999999716 -28.9499999999936
-53.20000000000209 -28.699999999993597
-53.25000000000209 -28.599999999993596
35.499999999997144 -28.549999999993595
-53.300000000002086 -28.499999999993594
35.74999999999713 -28.14999999999359
-53.500000000002075 -28.049999999993588
35.89999999999712 -27.899999999993586
-53.650000000002066 -27.699999999993583
36.04999999999711 -27.649999999993582
-53.70000000000206 -27.59999999999358
36.199999999997104 -27.39999999999358
-53.850000000002055 -27.249999999993577
36.39999999999709 -27.049999999993574
-53.95000000000205 -26.999999999993573
36.59999999999708 -26.69999999999357
-54.10000000000204 -26.649999999993568
36.64999999999708 -26.599999999993567
-54.200000000002035 -26.399999999993565
36.84999999999707 -26.249999999993562
-54.30000000000203 -26.14999999999356
36.899999999997064 -26.14999999999356
-54.400000000002024 -25.899999999993558
-54.550000000002015 -25.499999999993552
37.249999999997044 -25.499999999993552
37.29999999999704 -25.39999999999355
37.34999999999704 -25.29999999999355
-54.65000000000201 -25.24999999999355
37.399999999997036 -25.199999999993548
-54.70000000000201 -25.099999999993546
-54.850000000002 -24.69999999999354
-54.900000000001995 -24.54999999999354
37.84999999999701 -24.299999999993535
37.89999999999701 -24.199999999993533
37.949999999997004 -24.099999999993532
-55.100000000001984 -23.99999999999353
37.999999999997 -23.99999999999353
-55.15000000000198 -23.84999999999353
-55.20000000000198 -23.699999999993526
-55.250000000001975 -23.549999999993524
-55.30000000000197 -23.399999999993522
38.299999999996984 -23.34999999999352
-55.35000000000197 -23.24999999999352
38.34999999999698 -23.24999999999352
-55.40000000000197 -23.099999999993518
-55.450000000001964 -22.949999999993516
-55.50000000000196 -22.799999999993513
38.54999999999697 -22.799999999993513
-55.55000000000196 -22.64999999999351
38.74999999999696 -22.349999999993507
-55.70000000000195 -22.149999999993504
-55.75000000000195 -21.999999999993502
38.89999999999695 -21.999999999993502
38.999999999996945 -21.7499999999935
-55.90000000000194 -21.499999999993495
39.149999999996936 -21.399999999993494
-56.00000000000193 -21.14999999999349
39.24999999999693 -21.14999999999349
39.349999999996925 -20.899999999993486
-56.10000000000193 -20.799999999993485
39.499999999996916 -20.49999999999348
-56.20000000000192 -20.44999999999348
39.59999999999691 -20.249999999993477
-56.300000000001916 -20.099999999993475
-56.35000000000191 -19.899999999993472
39.7499999999969 -19.84999999999347
-56.40000000000191 -19.69999999999347
39.7999999999969 -19.69999999999347
39.94999999999689 -19.299999999993464
39.99999999999689 -19.14999999999346
-56.80000000000189 -18.099999999993447
-56.850000000001884 -17.899999999993444
40.54999999999686 -17.499999999993438
-56.95000000000188 -17.449999999993437
40.599999999996854 -17.349999999993436
-57.000000000001876 -17.249999999993435
40.64999999999685 -17.199999999993434
-57.05000000000187 -16.99999999999343
40.749999999996845 -16.84999999999343
40.79999999999684 -16.699999999993427
-57.15000000000187 -16.549999999993425
40.89999999999684 -16.349999999993422
-57.200000000001864 -16.29999999999342
-57.25000000000186 -16.049999999993418
40.99999999999683 -15.999999999993417
-57.30000000000186 -15.799999999993414
41.099999999996825 -15.649999999993412
-57.350000000001856 -15.54999999999341
-57.40000000000185 -15.299999999993407
41.24999999999682 -15.099999999993404
-57.45000000000185 -15.049999999993403
41.299999999996814 -14.899999999993401
41.34999999999681 -14.699999999993398
-57.550000000001845 -14.499999999993396
41.39999999999681 -14.499999999993396
41.449999999996805 -14.299999999993393
41.4999999999968 -14.09999999999339
-57.65000000000184 -13.949999999993388
41.5499999999968 -13.899999999993387
41.5999999999968 -13.699999999993384
-57.700000000001836 -13.649999999993383
-57.75000000000183 -13.34999999999338
41.69999999999679 -13.249999999993378
-57.80000000000183 -13.049999999993375
41.74999999999679 -13.049999999993375
-57.85000000000183 -12.69999999999337
41.84999999999678 -12.599999999993369
-57.900000000001825 -12.399999999993366
41.89999999999678 -12.349999999993365
41.94999999999678 -12.099999999993361
-57.95000000000182 -12.04999999999336
-58.00000000000182 -11.699999999993356
-58.050000000001816 -11.34999999999335
42.09999999999677 -11.34999999999335
42.149999999996766 -11.099999999993347
-58.10000000000181 -10.999999999993346
42.19999999999676 -10.849999999993344
-58.15000000000181 -10.59999999999334
42.24999999999676 -10.54999999999334
42.29999999999676 -10.249999999993335
-58.20000000000181 -10.199999999993334
-58.250000000001805 -9.799999999993329
-58.250000000001805 -9.749999999993328
42.39999999999675 -9.649999999993327
-58.3000000000018 -9.349999999993322
42.44999999999675 -9.349999999993322
42.499999999996746 -9.049999999993318
-58.3500000000018 -8.899999999993316
-58.3500000000018 -8.849999999993315
42.54999999999674 -8.699999999993313
-58.400000000001796 -8.399999999993309
-58.400000000001796 -8.349999999993308
42.59999999999674 -8.349999999993308
42.64999999999674 -7.949999999993304
-58.45000000000179 -7.899999999993304
-58.45000000000179 -7.8499999999933046
42.699999999996734 -7.599999999993305
-58.50000000000179 -7.2999999999933065
42.74999999999673 -7.199999999993307
42.74999999999673 -7.149999999993307
42.79999999999673 -6.7499999999933085
-58.55000000000179 -6.699999999993309
-58.55000000000179 -6.649999999993309
42.849999999996726 -6.29999999999331
42.849999999996726 -6.24999999999331
-58.600000000001785 -6.049999999993311
-58.600000000001785 -5.999999999993311
42.89999999999672 -5.749999999993312
-58.65000000000178 -5.299999999993314
-58.65000000000178 -5.249999999993314
42.94999999999672 -5.199999999993314
42.99999999999672 -4.599999999993316
42.99999999999672 -4.549999999993316
-58.70000000000178 -4.399999999993317
-58.70000000000178 -4.349999999993317
-58.70000000000178 -4.299999999993317
43.049999999996714 -3.8999999999933186
43.049999999996714 -3.8499999999933188
43.049999999996714 -3.799999999993319
-58.750000000001776 -3.2999999999933207
-58.750000000001776 -3.249999999993321
-58.750000000001776 -3.199999999993321
-58.750000000001776 -3.1499999999933213
43.09999999999671 -2.999999999993322
43.09999999999671 -2.949999999993322
43.09999999999671 -2.899999999993322
43.14999999999671 -1.6999999999933249
43.14999999999671 -1.6499999999933248
43.14999999999671 -1.5999999999933248
-58.80000000000177 -1.5499999999933247
43.14999999999671 -1.5499999999933247
-58.80000000000177 -1.4999999999933247
43.14999999999671 -1.4999999999933247
-58.80000000000177 -1.4499999999933246
43.14999999999671 -1.4499999999933246
-58.80000000000177 -1.3999999999933246
-58.80000000000177 -1.3499999999933245
-58.80000000000177 -1.2999999999933245
-58.80000000000177 -1.2499999999933245
-58.80000000000177 -1.1999999999933244
-58.80000000000177 -1.1499999999933244
-58.80000000000177 -1.0999999999933243
-58.80000000000177 1.1000000000066765
-58.80000000000177 1.1500000000066766
-58.80000000000177 1.2000000000066766
-58.80000000000177 1.2500000000066767
-58.80000000000177 1.3000000000066767
-58.80000000000177 1.3500000000066767
-58.80000000000177 1.4000000000066768
-58.80000000000177 1.4500000000066768
43.14999999999671 1.4500000000066768
-58.80000000000177 1.5000000000066769
43.14999999999671 1.5000000000066769
-58.80000000000177 1.550000000006677
43.14999999999671 1.550000000006677
43.14999999999671 1.600000000006677
43.14999999999671 1.650000000006677
43.14999999999671 1.700000000006677
43.09999999999671 2.900000000006674
43.09999999999671 2.950000000006674
43.09999999999671 3.0000000000066738
-58.750000000001776 3.1500000000066732
-58.750000000001776 3.200000000006673
-58.750000000001776 3.250000000006673
-58.750000000001776 3.3000000000066727
43.049999999996714 3.800000000006671
43.049999999996714 3.8500000000066708
43.049999999996714 3.9000000000066706
-58.70000000000178 4.300000000006669
-58.70000000000178 4.350000000006669
-58.70000000000178 4.400000000006669
42.99999999999672 4.550000000006668
42.99999999999672 4.600000000006668
42.94999999999672 5.200000000006666
-58.65000000000178 5.250000000006666
-58.65000000000178 5.300000000006666
42.89999999999672 5.750000000006664
-58.600000000001785 6.000000000006663
-58.600000000001785 6.050000000006663
42.849999999996726 6.250000000006662
42.849999999996726 6.300000000006662
-58.55000000000179 6.650000000006661
-58.55000000000179 6.700000000006661
42.79999999999673 6.7500000000066604
42.74999999999673 7.150000000006659
42.74999999999673 7.200000000006659
-58.50000000000179 7.3000000000066585
42.699999999996734 7.600000000006657
-58.45000000000179 7.8500000000066565
-58.45000000000179 7.900000000006656
42.64999999999674 7.950000000006656
-58.400000000001796 8.350000000006661
42.59999999999674 8.350000000006661
-58.400000000001796 8.400000000006662
42.54999999999674 8.700000000006666
-58.3500000000018 8.850000000006668
-58.3500000000018 8.900000000006669
42.499999999996746 9.050000000006671
-58.3000000000018 9.350000000006675
42.44999999999675 9.350000000006675
42.39999999999675 9.65000000000668
-58.250000000001805 9.75000000000668
-58.250000000001805 9.800000000006682
-58.20000000000181 10.200000000006687
42.29999999999676 10.250000000006688
42.24999999999676 10.550000000006692
-58.15000000000181 10.600000000006693
42.19999999999676 10.850000000006697
-58.10000000000181 11.000000000006699
42.149999999996766 11.1000000000067
-58.050000000001816 11.350000000006704
42.09999999999677 11.350000000006704
-58.00000000000182 11.700000000006709
-57.95000000000182 12.050000000006714
41.94999999999678 12.100000000006714
41.89999999999678 12.350000000006718
-57.900000000001825 12.400000000006719
41.84999999999678 12.600000000006721
-57.85000000000183 12.700000000006723
-57.80000000000183 13.050000000006728
41.74999999999679 13.050000000006728
41.69999999999679 13.25000000000673
-57.75000000000183 13.350000000006732
-57.700000000001836 13.650000000006736
41.5999999999968 13.700000000006737
41.5499999999968 13.90000000000674
-57.65000000000184 13.95000000000674
41.4999999999968 14.100000000006743
41.449999999996805 14.300000000006746
-57.550000000001845 14.500000000006748
41.39999999999681 14.500000000006748
41.34999999999681 14.700000000006751
41.299999999996814 14.900000000006754
-57.45000000000185 15.050000000006756
41.24999999999682 15.100000000006757
-57.40000000000185 15.30000000000676
-57.350000000001856 15.550000000006763
41.099999999996825 15.650000000006765
-57.30000000000186 15.800000000006767
40.99999999999683 16.000000000006768
-57.25000000000186 16.05000000000677
-57.200000000001864 16.300000000006772
40.89999999999684 16.350000000006773
-57.15000000000187 16.550000000006776
40.79999999999684 16.700000000006778
40.749999999996845 16.85000000000678
-57.05000000000187 17.000000000006782
40.64999999999685 17.200000000006785
-57.000000000001876 17.250000000006786
40.599999999996854 17.350000000006787
-56.95000000000188 17.45000000000679
40.54999999999686 17.50000000000679
-56.850000000001884 17.900000000006795
-56.80000000000189 18.100000000006798
39.99999999999689 19.150000000006813
39.94999999999689 19.300000000006815
-56.40000000000191 19.70000000000682
39.7999999999969 19.70000000000682
39.7499999999969 19.850000000006823
-56.35000000000191 19.900000000006823
-56.300000000001916 20.100000000006826
39.59999999999691 20.25000000000683
-56.20000000000192 20.45000000000683
39.499999999996916 20.500000000006832
-56.10000000000193 20.800000000006836
39.349999999996925 20.900000000006838
-56.00000000000193 21.15000000000684
39.24999999999693 21.15000000000684
39.149999999996936 21.400000000006845
-55.90000000000194 21.500000000006846
38.999999999996945 21.75000000000685
-55.75000000000195 22.000000000006853
38.89999999999695 22.000000000006853
-55.70000000000195 22.150000000006855
38.74999999999696 22.350000000006858
-55.55000000000196 22.650000000006862
-55.50000000000196 22.800000000006865
38.54999999999697 22.800000000006865
-55.450000000001964 22.950000000006867
-55.40000000000197 23.10000000000687
-55.35000000000197 23.25000000000687
38.34999999999698 23.25000000000687
38.299999999996984 23.350000000006872
-55.30000000000197 23.400000000006873
-55.250000000001975 23.550000000006875
-55.20000000000198 23.700000000006877
-55.15000000000198 23.85000000000688
-55.100000000001984 24.00000000000688
37.999999999997 24.00000000000688
37.949999999997004 24.100000000006883
37.89999999999701 24.200000000006884
37.84999999999701 24.300000000006886
-54.900000000001995 24.55000000000689
-54.850000000002 24.70000000000689
-54.70000000000201 25.100000000006897
37.399999999997036 25.2000000000069
-54.65000000000201 25.2500000000069
37.34999999999704 25.3000000000069
37.29999999999704 25.4000000000069
-54.550000000002015 25.500000000006903
37.249999999997044 25.500000000006903
-54.400000000002024 25.90000000000691
-54.30000000000203 26.150000000006912
36.899999999997064 26.150000000006912
36.84999999999707 26.250000000006914
-54.200000000002035 26.400000000006916
36.64999999999708 26.60000000000692
-54.10000000000204 26.65000000000692
36.59999999999708 26.70000000000692
-53.95000000000205 27.000000000006924
36.39999999999709 27.050000000006925
-53.850000000002055 27.250000000006928
36.199999999997104 27.40000000000693
-53.70000000000206 27.600000000006933
36.04999999999711 27.650000000006933
-53.650000000002066 27.700000000006934
35.89999999999712 27.900000000006937
-53.500000000002075 28.05000000000694
35.74999999999713 28.15000000000694
-53.300000000002086 28.500000000006946
35.499999999997144 28.550000000006946
-53.25000000000209 28.600000000006947
-53.20000000000209 28.70000000000695
35.24999999999716 28.950000000006952
35.14999999999716 29.100000000006954
35.04999999999717 29.250000000006956
-52.90000000000211 29.350000000006958
-52.85000000000211 29.45000000000696
-52.800000000002115 29.55000000000696
-52.75000000000212 29.650000000006962
-52.70000000000212 29.750000000006963
-52.65000000000212 29.850000000006965
-52.600000000002126 29.950000000006966
34.5499999999972 30.000000000006967
-52.55000000000213 30.050000000006968
-52.50000000000213 30.15000000000697
34.4499999999972 30.15000000000697
-52.450000000002134 30.25000000000697
34.34999999999721 30.30000000000697
-52.40000000000214 30.350000000006972
-52.35000000000214 30.450000000006973
34.09999999999722 30.650000000006976
33.99999999999723 30.80000000000698
33.84999999999724 31.00000000000698
-52.00000000000216 31.100000000006983
-51.95000000000216 31.200000000006984
-51.900000000002166 31.300000000006985
33.59999999999725 31.350000000006986
33.44999999999726 31.55000000000699
-51.70000000000218 31.65000000000699
-51.65000000000218 31.75000000000699
33.29999999999727 31.75000000000699
33.14999999999728 31.950000000006995
-51.50000000000219 32.00000000000699
-51.45000000000219 32.100000000006986
32.94999999999729 32.20000000000698
-51.3000000000022 32.35000000000697
32.7999999999973 32.40000000000697
32.59999999999731 32.650000000006955
-51.10000000000221 32.70000000000695
32.39999999999732 32.90000000000694
-50.95000000000222 32.95000000000694
-50.850000000002225 33.10000000000693
32.149999999997334 33.20000000000692
-50.700000000002234 33.350000000006915
31.89999999999734 33.50000000000691
-50.45000000000225 33.75000000000689
31.649999999997338 33.80000000000689
31.599999999997337 33.85000000000689
-50.350000000002254 33.900000000006884
-50.25000000000226 34.050000000006875
31.299999999997333 34.20000000000687
-49.85000000000228 34.65000000000684
30.899999999997327 34.65000000000684
30.849999999997326 34.70000000000684
-49.75000000000229 34.80000000000683
-49.650000000002294 34.950000000006824
-49.5500000000023 35.100000000006816
30.34999999999732 35.25000000000681
-49.40000000000231 35.300000000006804
30.29999999999732 35.300000000006804
30.249999999997318 35.3500000000068
-49.30000000000231 35.450000000006796
-49.15000000000232 35.650000000006784
-48.900000000002336 36.000000000006764
-48.750000000002345 36.20000000000675
-48.400000000002365 36.65000000000673
-48.200000000002376 36.90000000000671
-48.050000000002385 37.1000000000067
28.499999999997293 37.1000000000067
-48.00000000000239 37.1500000000067
28.449999999997292 37.1500000000067
28.39999999999729 37.200000000006696
28.34999999999729 37.25000000000669
-47.8000000000024 37.400000000006685
-47.55000000000241 37.70000000000667
27.799999999997283 37.750000000006665
27.749999999997282 37.80000000000666
-47.30000000000243 38.00000000000665
-47.25000000000243 38.05000000000665
27.349999999997276 38.15000000000664
27.299999999997276 38.20000000000664
-46.95000000000245 38.40000000000663
-46.90000000000245 38.450000000006625
26.94999999999727 38.50000000000662
26.89999999999727 38.55000000000662
26.599999999997266 38.800000000006605
-46.50000000000247 38.9000000000066
-46.450000000002476 38.9500000000066
-46.40000000000248 39.000000000006594
26.29999999999726 39.05000000000659
25.999999999997257 39.30000000000658
25.749999999997254 39.500000000006565
25.49999999999725 39.700000000006554
25.299999999997247 39.850000000006546
25.049999999997244 40.050000000006534
24.84999999999724 40.200000000006526
24.649999999997238 40.35000000000652
24.449999999997235 40.50000000000651
24.249999999997232 40.6500000000065
24.04999999999723 40.80000000000649
-44.55000000000258 40.85000000000649
-44.500000000002586 40.900000000006486
23.899999999997227 40.900000000006486
-44.45000000000259 40.95000000000648
-44.40000000000259 41.00000000000648
23.699999999997225 41.05000000000648
23.549999999997222 41.15000000000647
-44.000000000002615 41.35000000000646
-43.95000000000262 41.40000000000646
23.199999999997218 41.40000000000646
-43.90000000000262 41.450000000006455
23.049999999997215 41.50000000000645
-43.60000000000264 41.70000000000644
-43.55000000000264 41.75000000000644
-43.25000000000266 42.00000000000642
-43.20000000000266 42.05000000000642
-42.950000000002674 42.25000000000641
21.8499999999972 42.300000000006406
21.699999999997196 42.4000000000064
-42.70000000000269 42.4500000000064
-42.65000000000269 42.500000000006395
-42.4500000000027 42.650000000006386
21.29999999999719 42.650000000006386
-42.400000000002706 42.70000000000638
-42.20000000000272 42.850000000006375
20.899999999997185 42.90000000000637
-42.00000000000273 43.00000000000637
20.64999999999718 43.050000000006364
20.399999999997178 43.200000000006355
20.149999999997174 43.35000000000635
-41.40000000000276 43.45000000000634
19.89999999999717 43.50000000000634
19.79999999999717 43.550000000006335
-41.200000000002774 43.60000000000633
19.549999999997166 43.70000000000633
-40.850000000002794 43.85000000000632
19.19999999999716 43.900000000006315
-40.7000000000028 43.95000000000631
19.09999999999716 43.95000000000631
-40.55000000000281 44.05000000000631
18.649999999997153 44.2000000000063
18.54999999999715 44.250000000006295
17.999999999997144 44.55000000000628
17.899999999997142 44.600000000006276
-39.65000000000286 44.65000000000627
17.79999999999714 44.65000000000627
17.69999999999714 44.70000000000627
-39.50000000000287 44.75000000000627
-39.10000000000289 45.00000000000625
-38.85000000000291 45.150000000006244
-38.60000000000292 45.300000000006236
16.39999999999712 45.35000000000623
16.29999999999712 45.40000000000623
-38.350000000002936 45.45000000000623
16.199999999997118 45.45000000000623
16.099999999997117 45.500000000006224
-38.10000000000295 45.60000000000622
-38.000000000002956 45.650000000006216
-37.75000000000297 45.80000000000621
15.44999999999711 45.80000000000621
-37.650000000002976 45.850000000006204
15.349999999997108 45.850000000006204
-37.300000000002996 46.05000000000619
14.899999999997101 46.05000000000619
-37.200000000003 46.10000000000619
14.7999999999971 46.10000000000619
-37.10000000000301 46.15000000000619
14.449999999997095 46.25000000000618
14.09999999999709 46.40000000000617
13.749999999997085 46.550000000006165
-36.250000000003055 46.60000000000616
-36.15000000000306 46.65000000000616
-36.05000000000307 46.700000000006156
13.39999999999708 46.700000000006156
13.149999999997076 46.80000000000615
12.899999999997073 46.900000000006145
12.64999999999707 47.00000000000614
12.399999999997066 47.10000000000613
-35.10000000000312 47.15000000000613
-35.000000000003126 47.20000000000613
12.149999999997062 47.20000000000613
11.749999999997057 47.35000000000612
-34.55000000000315 47.400000000006116
-34.45000000000316 47.45000000000611
11.349999999997051 47.50000000000611
-34.10000000000318 47.600000000006105
10.799999999997043 47.7000000000061
-33.7500000000032 47.7500000000061
10.649999999997041 47.7500000000061
-33.50000000000321 47.85000000000609
10.099999999997033 47.950000000006085
-33.15000000000323 48.00000000000608
9.949999999997031 48.00000000000608
9.799999999997029 48.05000000000608
-32.900000000003246 48.10000000000608
9.649999999997027 48.10000000000608
9.499999999997025 48.150000000006074
9.349999999997022 48.20000000000607
-32.50000000000327 48.25000000000607
9.19999999999702 48.25000000000607
9.049999999997018 48.300000000006065
-32.25000000000328 48.35000000000606
8.899999999997016 48.35000000000606
-32.10000000000329 48.40000000000606
8.749999999997014 48.40000000000606
-31.850000000003295 48.500000000006054
-31.700000000003293 48.55000000000605
8.099999999997005 48.60000000000605
7.949999999997004 48.650000000006045
-31.150000000003285 48.75000000000604
7.599999999997006 48.75000000000604
-31.000000000003283 48.80000000000604
7.449999999997006 48.80000000000604
-30.85000000000328 48.850000000006034
-30.70000000000328 48.90000000000603
7.099999999997007 48.90000000000603
-30.550000000003276 48.95000000000603
-30.400000000003274 49.000000000006025
6.749999999997009 49.000000000006025
-30.250000000003272 49.05000000000602
-30.10000000000327 49.10000000000602
6.39999999999701 49.10000000000602
6.049999999997011 49.200000000006014
5.849999999997012 49.25000000000601
-29.45000000000326 49.30000000000601
-29.30000000000326 49.350000000006006
5.299999999997014 49.400000000006
-28.950000000003254 49.450000000006
5.0999999999970145 49.450000000006
4.899999999997015 49.500000000006
-28.60000000000325 49.550000000005994
4.699999999997016 49.550000000005994
4.499999999997017 49.60000000000599
-28.250000000003244 49.65000000000599
4.299999999997017 49.65000000000599
-28.05000000000324 49.700000000005986
4.099999999997018 49.700000000005986
-27.700000000003236 49.80000000000598
3.6499999999970196 49.80000000000598
-27.500000000003233 49.85000000000598
3.4499999999970203 49.85000000000598
-27.30000000000323 49.900000000005974
-27.100000000003227 49.95000000000597
2.999999999997022 49.95000000000597
-26.900000000003224 50.00000000000597
2.7999999999970226 50.00000000000597
-26.70000000000322 50.050000000005966
2.5499999999970235 50.050000000005966
-26.50000000000322 50.10000000000596
2.099999999997025 50.15000000000596
-26.050000000003212 50.20000000000596
1.8499999999970251 50.20000000000596
-25.85000000000321 50.250000000005954
1.599999999997025 50.250000000005954
-25.600000000003206 50.30000000000595
1.3499999999970247 50.30000000000595
-25.400000000003203 50.35000000000595
1.0999999999970245 50.35000000000595
-25.1500000000032 50.400000000005946
0.8499999999970244 50.400000000005946
-24.900000000003196 50.45000000000594
0.5499999999970241 50.45000000000594
-24.650000000003192 50.50000000000594
0.2999999999970241 50.50000000000594
-24.40000000000319 50.55000000000594
-2.9759111841443087E-12 50.55000000000594
-24.150000000003185 50.600000000005934
-0.2500000000029759 50.600000000005934
-23.900000000003182 50.65000000000593
-0.5500000000029759 50.65000000000593
-23.600000000003178 50.70000000000593
-0.8500000000029762 50.70000000000593
-23.350000000003174 50.750000000005926
-1.1500000000029764 50.750000000005926
-23.05000000000317 50.80000000000592
-22.750000000003165 50.85000000000592
-1.800000000002977 50.85000000000592
-22.45000000000316 50.90000000000592
-2.1500000000029766 50.90000000000592
-22.100000000003156 50.950000000005915
-2.5000000000029754 50.950000000005915
-21.800000000003152 51.00000000000591
-2.850000000002974 51.00000000000591
-21.450000000003147 51.05000000000591
-3.200000000002973 51.05000000000591
-21.05000000000314 51.100000000005906
-3.6000000000029715 51.100000000005906
-20.700000000003136 51.1500000000059
-4.00000000000297 51.1500000000059
-20.30000000000313 51.2000000000059
-4.4500000000029685 51.2000000000059
-19.850000000003124 51.2500000000059
-4.900000000002967 51.2500000000059
-19.400000000003118 51.300000000005895
-5.400000000002965 51.300000000005895
-5.350000000002965 51.300000000005895
-18.95000000000311 51.35000000000589
-18.90000000000311 51.35000000000589
-5.900000000002963 51.35000000000589
-5.8500000000029635 51.35000000000589
-18.400000000003104 51.40000000000589
-18.350000000003103 51.40000000000589
-6.450000000002961 51.40000000000589
-17.800000000003095 51.450000000005886
-17.750000000003094 51.450000000005886
-7.100000000002959 51.450000000005886
-7.050000000002959 51.450000000005886
-17.150000000003086 51.50000000000588
-17.100000000003085 51.50000000000588
-7.800000000002957 51.50000000000588
-7.750000000002957 51.50000000000588
-16.400000000003075 51.55000000000588
-16.350000000003075 51.55000000000588
-16.300000000003074 51.55000000000588
-8.600000000002964 51.55000000000588
-8.550000000002964 51.55000000000588
-15.400000000003061 51.60000000000588
-15.35000000000306 51.60000000000588
-15.30000000000306 51.60000000000588
-15.250000000003059 51.60000000000588
-9.65000000000298 51.60000000000588
-9.600000000002979 51.60000000000588
-9.550000000002978 51.60000000000588
-13.800000000003038 51.650000000005875
-13.750000000003038 51.650000000005875
-13.700000000003037 51.650000000005875
-13.650000000003036 51.650000000005875
-13.600000000003035 51.650000000005875
-13.550000000003035 51.650000000005875
-13.500000000003034 51.650000000005875
-13.450000000003033 51.650000000005875
-13.400000000003033 51.650000000005875
-11.600000000003007 51.650000000005875
-11.550000000003006 51.650000000005875
-11.500000000003006 51.650000000005875
-11.450000000003005 51.650000000005875
-11.400000000003004 51.650000000005875
-11.350000000003003 51.650000000005875
-11.300000000003003 51.650000000005875
-11.250000000003002 51.650000000005875
-11.200000000003001 51.650000000005875
-11.150000000003 51.650000000005875
