-5.050000000002966 -46.54999999999282
-5.0000000000029665 -46.54999999999282
-4.950000000002967 -46.54999999999282
-4.900000000002967 -46.54999999999282
-4.850000000002967 -46.54999999999282
-4.800000000002967 -46.54999999999282
-4.750000000002967 -46.54999999999282
-4.700000000002968 -46.54999999999282
-7.450000000002958 -46.49999999999282
-7.400000000002958 -46.49999999999282
-7.350000000002958 -46.49999999999282
-7.300000000002958 -46.49999999999282
-2.4500000000029756 -46.49999999999282
-2.4000000000029758 -46.49999999999282
-2.350000000002976 -46.49999999999282
-2.300000000002976 -46.49999999999282
-2.2500000000029763 -46.49999999999282
-8.550000000002964 -46.449999999992826
-8.500000000002963 -46.449999999992826
-8.450000000002962 -46.449999999992826
-1.3000000000029766 -46.449999999992826
-1.2500000000029765 -46.449999999992826
-1.2000000000029765 -46.449999999992826
-9.350000000002975 -46.39999999999283
-9.300000000002974 -46.39999999999283
-0.40000000000297586 -46.39999999999283
-0.3500000000029759 -46.39999999999283
-10.050000000002985 -46.34999999999283
-10.000000000002984 -46.34999999999283
0.2999999999970241 -46.34999999999283
0.3499999999970241 -46.34999999999283
-10.650000000002994 -46.299999999992835
0.8999999999970244 -46.299999999992835
0.9499999999970244 -46.299999999992835
-11.200000000003001 -46.24999999999284
1.4999999999970248 -46.24999999999284
-11.700000000003008 -46.19999999999284
1.9999999999970253 -46.19999999999284
2.0499999999970253 -46.19999999999284
-12.200000000003016 -46.14999999999284
-12.150000000003015 -46.14999999999284
2.4999999999970237 -46.14999999999284
-12.600000000003021 -46.099999999992846
2.949999999997022 -46.099999999992846
-13.050000000003028 -46.04999999999285
-13.000000000003027 -46.04999999999285
3.3499999999970207 -46.04999999999285
3.3999999999970205 -46.04999999999285
-13.400000000003033 -45.99999999999285
3.7499999999970193 -45.99999999999285
3.799999999997019 -45.99999999999285
-13.800000000003038 -45.949999999992855
4.149999999997018 -45.949999999992855
-14.150000000003043 -45.89999999999286
4.499999999997017 -45.89999999999286
4.549999999997016 -45.89999999999286
-14.500000000003048 -45.84999999999286
4.899999999997015 -45.84999999999286
-14.800000000003052 -45.79999999999286
5.199999999997014 -45.79999999999286
-15.150000000003057 -45.749999999992866
5.549999999997013 -45.749999999992866
-15.450000000003062 -45.69999999999287
5.849999999997012 -45.69999999999287
-15.750000000003066 -45.64999999999287
-16.05000000000307 -45.599999999992875
-16.300000000003074 -45.54999999999288
6.749999999997009 -45.54999999999288
-16.600000000003078 -45.49999999999288
7.0499999999970075 -45.49999999999288
-16.85000000000308 -45.44999999999288
7.599999999997006 -45.399999999992886
7.849999999997005 -45.34999999999289
8.099999999997005 -45.29999999999289
-17.850000000003096 -45.249999999992895
-18.1000000000031 -45.1999999999929
-18.350000000003103 -45.1499999999929
8.849999999997015 -45.1499999999929
-18.550000000003106 -45.0999999999929
9.099999999997019 -45.0999999999929
-18.80000000000311 -45.049999999992906
9.349999999997022 -45.049999999992906
-19.000000000003112 -44.99999999999291
9.549999999997025 -44.99999999999291
9.799999999997029 -44.94999999999291
-19.45000000000312 -44.899999999992914
9.999999999997032 -44.899999999992914
-19.65000000000312 -44.84999999999292
-19.850000000003124 -44.79999999999292
10.449999999997038 -44.79999999999292
-20.050000000003127 -44.74999999999292
10.649999999997041 -44.74999999999292
-20.25000000000313 -44.699999999992926
10.849999999997044 -44.699999999992926
-20.450000000003133 -44.64999999999293
11.049999999997047 -44.64999999999293
-20.650000000003136 -44.59999999999293
11.24999999999705 -44.59999999999293
11.449999999997052 -44.549999999992934
-21.00000000000314 -44.49999999999294
11.649999999997055 -44.49999999999294
-21.200000000003143 -44.44999999999294
11.849999999997058 -44.44999999999294
12.04999999999706 -44.39999999999294
-21.55000000000315 -44.349999999992946
-21.75000000000315 -44.29999999999295
-21.900000000003153 -44.24999999999295
12.599999999997069 -44.24999999999295
-22.25000000000316 -44.14999999999296
12.949999999997074 -44.14999999999296
13.299999999997079 -44.04999999999296
-22.750000000003165 -43.999999999992966
-22.900000000003168 -43.94999999999297
13.649999999997084 -43.94999999999297
13.999999999997089 -43.849999999992974
14.14999999999709 -43.79999999999298
-23.550000000003177 -43.74999999999298
-23.70000000000318 -43.69999999999298
-23.85000000000318 -43.649999999992986
14.649999999997098 -43.649999999992986
-24.000000000003183 -43.59999999999299
14.7999999999971 -43.59999999999299
-24.150000000003185 -43.54999999999299
14.949999999997102 -43.54999999999299
-24.300000000003187 -43.499999999992994
15.099999999997104 -43.499999999992994
15.249999999997106 -43.449999999993
-24.850000000003195 -43.299999999993005
-25.000000000003197 -43.24999999999301
15.999999999997117 -43.19999999999301
16.149999999997117 -43.149999999993014
-25.400000000003203 -43.09999999999302
16.29999999999712 -43.09999999999302
-25.550000000003205 -43.04999999999302
16.44999999999712 -43.04999999999302
-25.80000000000321 -42.949999999993025
-25.95000000000321 -42.89999999999303
16.99999999999713 -42.84999999999303
-26.200000000003214 -42.799999999993034
-26.450000000003218 -42.69999999999304
17.399999999997135 -42.69999999999304
17.549999999997137 -42.64999999999304
-26.70000000000322 -42.599999999993045
17.79999999999714 -42.54999999999305
-26.950000000003225 -42.49999999999305
18.199999999997146 -42.39999999999306
-27.30000000000323 -42.34999999999306
18.44999999999715 -42.29999999999306
-27.550000000003234 -42.249999999993065
-27.650000000003235 -42.19999999999307
18.699999999997154 -42.19999999999307
18.949999999997157 -42.099999999993074
-28.00000000000324 -42.04999999999308
19.299999999997162 -41.94999999999308
-28.450000000003246 -41.84999999999309
19.549999999997166 -41.84999999999309
-28.550000000003248 -41.79999999999309
19.649999999997167 -41.79999999999309
19.89999999999717 -41.699999999993096
19.999999999997172 -41.6499999999931
-29.100000000003256 -41.549999999993105
-29.200000000003257 -41.49999999999311
20.349999999997177 -41.49999999999311
-29.30000000000326 -41.44999999999311
-29.40000000000326 -41.39999999999311
20.799999999997183 -41.29999999999312
20.899999999997185 -41.24999999999312
21.549999999997194 -40.94999999999314
-30.400000000003274 -40.89999999999314
21.649999999997195 -40.89999999999314
-30.500000000003276 -40.849999999993145
21.749999999997197 -40.849999999993145
-30.600000000003277 -40.79999999999315
21.8499999999972 -40.79999999999315
-30.70000000000328 -40.74999999999315
21.9499999999972 -40.74999999999315
-31.250000000003286 -40.44999999999317
-31.350000000003288 -40.39999999999317
22.74999999999721 -40.34999999999317
22.849999999997213 -40.299999999993176
22.949999999997214 -40.24999999999318
-31.700000000003293 -40.19999999999318
23.049999999997215 -40.19999999999318
-31.800000000003294 -40.149999999993184
23.149999999997217 -40.149999999993184
-32.050000000003294 -39.99999999999319
-32.15000000000329 -39.949999999993196
-32.400000000003274 -39.799999999993204
23.799999999997226 -39.799999999993204
23.899999999997227 -39.74999999999321
-32.65000000000326 -39.64999999999321
24.249999999997232 -39.54999999999322
-32.900000000003246 -39.49999999999322
24.349999999997234 -39.49999999999322
-33.15000000000323 -39.34999999999323
24.69999999999724 -39.29999999999323
-33.55000000000321 -39.099999999993244
25.049999999997244 -39.099999999993244
-33.7000000000032 -38.99999999999325
25.299999999997247 -38.94999999999325
25.54999999999725 -38.79999999999326
25.799999999997254 -38.64999999999327
26.049999999997258 -38.49999999999328
26.19999999999726 -38.399999999993284
-34.75000000000314 -38.29999999999329
-34.90000000000313 -38.199999999993295
26.599999999997266 -38.1499999999933
-35.05000000000312 -38.0999999999933
26.749999999997268 -38.049999999993304
-35.400000000003104 -37.849999999993315
-35.60000000000309 -37.699999999993324
-35.95000000000307 -37.44999999999334
27.799999999997283 -37.349999999993344
-36.15000000000306 -37.29999999999335
27.949999999997285 -37.24999999999335
28.099999999997287 -37.149999999993355
-36.40000000000305 -37.09999999999336
28.29999999999729 -36.99999999999336
-36.600000000003035 -36.949999999993366
28.449999999997292 -36.89999999999337
-36.85000000000302 -36.74999999999338
28.649999999997295 -36.74999999999338
28.799999999997297 -36.64999999999338
-37.10000000000301 -36.54999999999339
28.9999999999973 -36.49999999999339
-37.35000000000299 -36.3499999999934
29.199999999997303 -36.3499999999934
29.399999999997306 -36.19999999999341
-37.650000000002976 -36.099999999993415
29.59999999999731 -36.04999999999342
-37.95000000000296 -35.84999999999343
29.849999999997312 -35.84999999999343
-38.000000000002956 -35.79999999999343
30.049999999997315 -35.69999999999344
-38.350000000002936 -35.49999999999345
30.29999999999732 -35.49999999999345
-38.40000000000293 -35.44999999999345
30.549999999997322 -35.29999999999346
30.599999999997323 -35.24999999999346
-38.80000000000291 -35.09999999999347
-38.85000000000291 -35.049999999993474
30.849999999997326 -35.049999999993474
-38.900000000002905 -34.99999999999348
31.14999999999733 -34.79999999999349
31.499999999997335 -34.499999999993506
31.549999999997336 -34.44999999999351
-39.65000000000286 -34.29999999999352
-39.70000000000286 -34.24999999999352
-39.750000000002856 -34.19999999999352
-39.80000000000285 -34.149999999993526
31.89999999999734 -34.149999999993526
-39.85000000000285 -34.09999999999353
31.949999999997342 -34.09999999999353
-39.90000000000285 -34.04999999999353
-39.950000000002845 -33.999999999993534
-40.00000000000284 -33.94999999999354
-40.05000000000284 -33.89999999999354
-40.10000000000284 -33.84999999999354
-40.150000000002834 -33.799999999993545
-40.20000000000283 -33.74999999999355
-40.25000000000283 -33.69999999999355
32.39999999999732 -33.69999999999355
-40.300000000002825 -33.649999999993554
32.44999999999732 -33.649999999993554
-40.35000000000282 -33.59999999999356
32.499999999997314 -33.59999999999356
-40.40000000000282 -33.54999999999356
-40.45000000000282 -33.49999999999356
33.349999999997266 -32.7999999999936
-41.15000000000278 -32.749999999993605
33.39999999999726 -32.749999999993605
-41.200000000002774 -32.69999999999361
33.44999999999726 -32.69999999999361
33.49999999999726 -32.64999999999361
33.549999999997254 -32.599999999993614
33.59999999999725 -32.54999999999362
33.64999999999725 -32.49999999999362
33.699999999997246 -32.44999999999362
33.74999999999724 -32.399999999993625
33.79999999999724 -32.34999999999363
33.84999999999724 -32.29999999999363
-41.60000000000275 -32.24999999999363
33.899999999997235 -32.24999999999363
-41.65000000000275 -32.199999999993636
33.94999999999723 -32.199999999993636
-41.95000000000273 -31.849999999993642
-42.00000000000273 -31.79999999999364
-42.250000000002714 -31.499999999993637
34.749999999997186 -31.349999999993635
34.79999999999718 -31.299999999993634
34.84999999999718 -31.249999999993634
-42.5000000000027 -31.199999999993633
-42.70000000000269 -30.94999999999363
35.24999999999716 -30.799999999993627
35.299999999997155 -30.749999999993626
-42.90000000000268 -30.699999999993626
-43.100000000002666 -30.449999999993622
35.59999999999714 -30.39999999999362
35.649999999997135 -30.34999999999362
35.89999999999712 -30.049999999993616
-43.450000000002646 -29.999999999993616
35.94999999999712 -29.999999999993616
-43.60000000000264 -29.799999999993613
36.199999999997104 -29.69999999999361
-43.75000000000263 -29.59999999999361
36.39999999999709 -29.449999999993608
-44.000000000002615 -29.249999999993605
36.64999999999708 -29.149999999993604
36.79999999999707 -28.9499999999936
-44.2500000000026 -28.8999999999936
36.99999999999706 -28.699999999993597
37.14999999999705 -28.499999999993594
-44.60000000000258 -28.399999999993593
-44.700000000002575 -28.24999999999359
37.34999999999704 -28.24999999999359
-44.80000000000257 -28.09999999999359
37.49999999999703 -28.049999999993588
-44.900000000002564 -27.949999999993587
-45.00000000000256 -27.799999999993585
37.749999999997016 -27.699999999993583
-45.10000000000255 -27.649999999993582
37.89999999999701 -27.49999999999358
-45.35000000000254 -27.249999999993577
38.14999999999699 -27.149999999993575
-45.45000000000253 -27.099999999993575
38.24999999999699 -26.999999999993573
-45.600000000002524 -26.84999999999357
-45.70000000000252 -26.69999999999357
38.49999999999697 -26.649999999993568
38.59999999999697 -26.499999999993566
-45.85000000000251 -26.449999999993565
38.69999999999696 -26.349999999993564
-46.0000000000025 -26.19999999999356
38.799999999996956 -26.19999999999356
38.89999999999695 -26.04999999999356
38.999999999996945 -25.899999999993558
-46.20000000000249 -25.849999999993557
-46.40000000000248 -25.499999999993552
39.24999999999693 -25.499999999993552
39.349999999996925 -25.34999999999355
-46.60000000000247 -25.149999999993547
-46.650000000002464 -25.049999999993545
39.59999999999691 -24.949999999993544
39.7499999999969 -24.69999999999354
-46.90000000000245 -24.59999999999354
-46.95000000000245 -24.499999999993538
39.89999999999689 -24.449999999993537
-47.000000000002444 -24.399999999993536
40.049999999996885 -24.199999999993533
40.19999999999688 -23.94999999999353
40.249999999996874 -23.84999999999353
40.399999999996865 -23.599999999993525
40.44999999999686 -23.499999999993523
40.64999999999685 -23.14999999999352
40.69999999999685 -23.049999999993517
40.949999999996834 -22.59999999999351
-47.95000000000239 -22.49999999999351
40.99999999999683 -22.49999999999351
-48.00000000000239 -22.399999999993508
41.04999999999683 -22.399999999993508
-48.050000000002385 -22.299999999993506
-48.25000000000237 -21.8499999999935
-48.30000000000237 -21.7499999999935
-48.45000000000236 -21.399999999993494
-48.50000000000236 -21.299999999993492
-48.65000000000235 -20.949999999993487
41.89999999999678 -20.699999999993484
-48.80000000000234 -20.599999999993482
41.94999999999678 -20.599999999993482
41.999999999996774 -20.49999999999348
-48.900000000002336 -20.34999999999348
-49.00000000000233 -20.099999999993475
42.24999999999676 -19.949999999993473
-49.100000000002325 -19.84999999999347
42.29999999999676 -19.84999999999347
-49.20000000000232 -19.599999999993468
42.44999999999675 -19.499999999993467
42.499999999996746 -19.399999999993465
-49.30000000000231 -19.349999999993464
42.64999999999674 -19.04999999999346
-49.450000000002305 -18.94999999999346
42.79999999999673 -18.699999999993455
-49.6000000000023 -18.549999999993453
42.89999999999672 -18.44999999999345
42.99999999999672 -18.199999999993448
-49.75000000000229 -18.149999999993447
-49.800000000002285 -17.999999999993445
43.09999999999671 -17.949999999993445
-49.85000000000228 -17.849999999993443
43.199999999996706 -17.69999999999344
43.2999999999967 -17.449999999993437
43.399999999996695 -17.199999999993434
43.44999999999669 -17.04999999999343
43.549999999996686 -16.799999999993428
43.59999999999668 -16.649999999993426
43.749999999996675 -16.24999999999342
-50.40000000000225 -16.19999999999342
43.79999999999667 -16.09999999999342
-50.45000000000225 -16.049999999993418
-50.500000000002245 -15.899999999993415
-50.60000000000224 -15.54999999999341
-50.65000000000224 -15.399999999993408
-50.75000000000223 -15.049999999993403
-50.850000000002225 -14.699999999993398
-50.95000000000222 -14.349999999993393
44.39999999999664 -14.299999999993393
44.449999999996635 -14.14999999999339
-51.050000000002214 -13.999999999993388
44.49999999999663 -13.999999999993388
-51.10000000000221 -13.799999999993386
44.599999999996626 -13.649999999993383
-51.15000000000221 -13.599999999993383
44.64999999999662 -13.499999999993381
44.74999999999662 -13.149999999993376
-51.3000000000022 -13.049999999993375
-51.3500000000022 -12.849999999993372
44.84999999999661 -12.799999999993371
-51.400000000002194 -12.64999999999337
44.94999999999661 -12.449999999993366
44.999999999996604 -12.249999999993364
-51.550000000002186 -11.99999999999336
45.0999999999966 -11.899999999993359
-51.60000000000218 -11.799999999993357
45.149999999996595 -11.699999999993356
45.19999999999659 -11.499999999993353
-51.70000000000218 -11.34999999999335
45.24999999999659 -11.29999999999335
45.29999999999659 -11.099999999993347
-51.80000000000217 -10.899999999993344
45.349999999996584 -10.899999999993344
45.39999999999658 -10.699999999993342
-51.85000000000217 -10.64999999999334
45.44999999999658 -10.499999999993339
45.54999999999657 -10.049999999993332
-52.00000000000216 -9.94999999999333
45.59999999999657 -9.84999999999333
45.64999999999657 -9.599999999993326
-52.100000000002154 -9.399999999993323
45.699999999996564 -9.399999999993323
-52.15000000000215 -9.14999999999332
45.74999999999656 -9.14999999999332
-52.20000000000215 -8.899999999993316
45.79999999999656 -8.899999999993316
-52.250000000002146 -8.599999999993312
-52.30000000000214 -8.299999999993307
45.94999999999655 -8.149999999993305
-52.35000000000214 -7.999999999993304
45.99999999999655 -7.899999999993304
-52.40000000000214 -7.699999999993305
46.049999999996544 -7.649999999993305
-52.450000000002134 -7.399999999993306
46.09999999999654 -7.349999999993306
-52.50000000000213 -7.099999999993307
46.14999999999654 -7.099999999993307
46.199999999996535 -6.799999999993308
-52.55000000000213 -6.7499999999933085
46.24999999999653 -6.499999999993309
-52.600000000002126 -6.39999999999331
46.29999999999653 -6.19999999999331
-52.65000000000212 -6.049999999993311
46.34999999999653 -5.849999999993312
-52.70000000000212 -5.699999999993312
46.399999999996524 -5.549999999993313
-52.75000000000212 -5.299999999993314
46.44999999999652 -5.199999999993314
-52.800000000002115 -4.899999999993315
46.49999999999652 -4.849999999993315
46.49999999999652 -4.799999999993315
-52.85000000000211 -4.4999999999933165
-52.85000000000211 -4.449999999993317
46.549999999996515 -4.449999999993317
-52.90000000000211 -4.049999999993318
46.59999999999651 -4.049999999993318
-52.90000000000211 -3.9999999999933182
46.64999999999651 -3.6499999999933195
-52.950000000002106 -3.54999999999332
46.69999999999651 -3.199999999993321
-53.0000000000021 -3.0499999999933216
-53.0000000000021 -2.999999999993322
46.749999999996504 -2.7499999999933227
46.749999999996504 -2.699999999993323
-53.0500000000021 -2.4999999999933236
-53.0500000000021 -2.4499999999933237
46.7999999999965 -2.1999999999933246
-53.1000000000021 -1.849999999993325
-53.1000000000021 -1.799999999993325
46.8499999999965 -1.6499999999933248
46.8499999999965 -1.5999999999933248
-53.150000000002095 -1.1999999999933244
-53.150000000002095 -1.1499999999933244
-53.150000000002095 -1.0999999999933243
46.899999999996496 -1.0499999999933243
46.899999999996496 -0.9999999999933242
-53.20000000000209 -0.39999999999332386
-53.20000000000209 -0.3499999999933239
-53.20000000000209 -0.2999999999933239
46.94999999999649 -0.2999999999933239
46.94999999999649 -0.2499999999933239
-53.25000000000209 0.6000000000066762
46.99999999999649 0.6000000000066762
-53.25000000000209 0.6500000000066762
46.99999999999649 0.6500000000066762
-53.25000000000209 0.7000000000066763
46.99999999999649 0.7000000000066763
-53.25000000000209 0.7500000000066763
47.04999999999649 1.8500000000066772
47.04999999999649 1.9000000000066772
47.04999999999649 1.9500000000066773
47.04999999999649 2.0000000000066773
47.04999999999649 2.050000000006677
-53.300000000002086 2.2000000000066766
-53.300000000002086 2.2500000000066764
-53.300000000002086 2.3000000000066763
-53.300000000002086 2.350000000006676
-53.300000000002086 2.400000000006676
-53.300000000002086 2.4500000000066757
-53.300000000002086 2.5000000000066755
-53.300000000002086 5.000000000006667
-53.300000000002086 5.0500000000066665
-53.300000000002086 5.100000000006666
-53.300000000002086 5.150000000006666
-53.300000000002086 5.200000000006666
-53.300000000002086 5.250000000006666
-53.300000000002086 5.300000000006666
47.04999999999649 5.450000000006665
47.04999999999649 5.500000000006665
47.04999999999649 5.550000000006665
47.04999999999649 5.6000000000066645
47.04999999999649 5.650000000006664
-53.25000000000209 6.7500000000066604
-53.25000000000209 6.80000000000666
46.99999999999649 6.80000000000666
-53.25000000000209 6.85000000000666
46.99999999999649 6.85000000000666
-53.25000000000209 6.90000000000666
46.99999999999649 6.90000000000666
46.94999999999649 7.750000000006657
-53.20000000000209 7.800000000006657
46.94999999999649 7.800000000006657
-53.20000000000209 7.8500000000066565
-53.20000000000209 7.900000000006656
46.899999999996496 8.500000000006663
46.899999999996496 8.550000000006664
-53.150000000002095 8.600000000006665
-53.150000000002095 8.650000000006665
-53.150000000002095 8.700000000006666
46.8499999999965 9.100000000006672
46.8499999999965 9.150000000006672
-53.1000000000021 9.300000000006674
-53.1000000000021 9.350000000006675
46.7999999999965 9.70000000000668
-53.0500000000021 9.950000000006684
-53.0500000000021 10.000000000006684
46.749999999996504 10.200000000006687
46.749999999996504 10.250000000006688
-53.0000000000021 10.500000000006692
-53.0000000000021 10.550000000006692
46.69999999999651 10.700000000006694
-52.950000000002106 11.0500000000067
46.64999999999651 11.1500000000067
-52.90000000000211 11.500000000006706
-52.90000000000211 11.550000000006706
46.59999999999651 11.550000000006706
-52.85000000000211 11.950000000006712
46.549999999996515 11.950000000006712
-52.85000000000211 12.000000000006713
46.49999999999652 12.300000000006717
46.49999999999652 12.350000000006718
-52.800000000002115 12.400000000006719
46.44999999999652 12.700000000006723
-52.75000000000212 12.800000000006724
46.399999999996524 13.050000000006728
-52.70000000000212 13.20000000000673
46.34999999999653 13.350000000006732
-52.65000000000212 13.550000000006735
46.29999999999653 13.700000000006737
-52.600000000002126 13.90000000000674
46.24999999999653 14.000000000006741
-52.55000000000213 14.250000000006745
46.199999999996535 14.300000000006746
-52.50000000000213 14.60000000000675
46.14999999999654 14.60000000000675
46.09999999999654 14.850000000006753
-52.450000000002134 14.900000000006754
46.049999999996544 15.150000000006758
-52.40000000000214 15.200000000006758
45.99999999999655 15.400000000006761
-52.35000000000214 15.500000000006763
45.94999999999655 15.650000000006765
-52.30000000000214 15.800000000006767
-52.250000000002146 16.10000000000677
-52.20000000000215 16.400000000006774
45.79999999999656 16.400000000006774
-52.15000000000215 16.650000000006777
45.74999999999656 16.650000000006777
-52.100000000002154 16.90000000000678
45.699999999996564 16.90000000000678
45.64999999999657 17.100000000006784
45.59999999999657 17.350000000006787
-52.00000000000216 17.45000000000679
45.54999999999657 17.55000000000679
45.44999999999658 18.000000000006796
-51.85000000000217 18.1500000000068
45.39999999999658 18.2000000000068
-51.80000000000217 18.400000000006802
45.349999999996584 18.400000000006802
45.29999999999659 18.600000000006805
45.24999999999659 18.800000000006808
-51.70000000000218 18.85000000000681
45.19999999999659 19.00000000000681
45.149999999996595 19.200000000006813
-51.60000000000218 19.300000000006815
45.0999999999966 19.400000000006816
-51.550000000002186 19.500000000006818
44.999999999996604 19.75000000000682
44.94999999999661 19.950000000006824
-51.400000000002194 20.150000000006827
44.84999999999661 20.30000000000683
-51.3500000000022 20.35000000000683
-51.3000000000022 20.550000000006833
44.74999999999662 20.650000000006834
44.64999999999662 21.00000000000684
-51.15000000000221 21.10000000000684
44.599999999996626 21.15000000000684
-51.10000000000221 21.300000000006843
-51.050000000002214 21.500000000006846
44.49999999999663 21.500000000006846
44.449999999996635 21.650000000006848
44.39999999999664 21.80000000000685
-50.95000000000222 21.85000000000685
-50.850000000002225 22.200000000006856
-50.75000000000223 22.55000000000686
-50.65000000000224 22.900000000006866
-50.60000000000224 23.050000000006868
-50.500000000002245 23.400000000006873
-50.45000000000225 23.550000000006875
43.79999999999667 23.600000000006876
-50.40000000000225 23.700000000006877
43.749999999996675 23.750000000006878
43.59999999999668 24.150000000006884
43.549999999996686 24.300000000006886
43.44999999999669 24.55000000000689
43.399999999996695 24.70000000000689
43.2999999999967 24.950000000006895
43.199999999996706 25.2000000000069
-49.85000000000228 25.3500000000069
43.09999999999671 25.450000000006902
-49.800000000002285 25.500000000006903
-49.75000000000229 25.650000000006905
42.99999999999672 25.700000000006906
42.89999999999672 25.95000000000691
-49.6000000000023 26.05000000000691
42.79999999999673 26.200000000006913
-49.450000000002305 26.450000000006916
42.64999999999674 26.550000000006918
-49.30000000000231 26.850000000006922
42.499999999996746 26.900000000006923
42.44999999999675 27.000000000006924
-49.20000000000232 27.100000000006926
-49.100000000002325 27.35000000000693
42.29999999999676 27.35000000000693
42.24999999999676 27.45000000000693
-49.00000000000233 27.600000000006933
-48.900000000002336 27.850000000006936
41.999999999996774 28.00000000000694
-48.80000000000234 28.10000000000694
41.94999999999678 28.10000000000694
41.89999999999678 28.20000000000694
-48.65000000000235 28.450000000006945
-48.50000000000236 28.80000000000695
-48.45000000000236 28.90000000000695
-48.30000000000237 29.250000000006956
-48.25000000000237 29.350000000006958
-48.050000000002385 29.800000000006964
-48.00000000000239 29.900000000006965
41.04999999999683 29.900000000006965
-47.95000000000239 30.000000000006967
40.99999999999683 30.000000000006967
40.949999999996834 30.10000000000697
40.69999999999685 30.550000000006975
40.64999999999685 30.650000000006976
40.44999999999686 31.00000000000698
40.399999999996865 31.100000000006983
40.249999999996874 31.350000000006986
40.19999999999688 31.450000000006987
40.049999999996885 31.70000000000699
-47.000000000002444 31.900000000006994
39.89999999999689 31.950000000006995
-46.95000000000245 32.00000000000699
-46.90000000000245 32.100000000006986
39.7499999999969 32.20000000000698
39.59999999999691 32.450000000006966
-46.650000000002464 32.55000000000696
-46.60000000000247 32.650000000006955
39.349999999996925 32.85000000000694
-46.40000000000248 33.000000000006935
39.24999999999693 33.000000000006935
-46.20000000000249 33.350000000006915
38.999999999996945 33.40000000000691
38.89999999999695 33.550000000006904
-46.0000000000025 33.700000000006895
38.799999999996956 33.700000000006895
38.69999999999696 33.85000000000689
-45.85000000000251 33.95000000000688
38.59999999999697 34.00000000000688
38.49999999999697 34.15000000000687
-45.70000000000252 34.20000000000687
-45.600000000002524 34.35000000000686
38.24999999999699 34.50000000000685
-45.45000000000253 34.600000000006844
38.14999999999699 34.65000000000684
-45.35000000000254 34.750000000006835
37.89999999999701 35.00000000000682
-45.10000000000255 35.15000000000681
37.749999999997016 35.20000000000681
-45.00000000000256 35.300000000006804
-44.900000000002564 35.450000000006796
37.49999999999703 35.55000000000679
-44.80000000000257 35.60000000000679
-44.700000000002575 35.75000000000678
37.34999999999704 35.75000000000678
-44.60000000000258 35.90000000000677
37.14999999999705 36.000000000006764
36.99999999999706 36.20000000000675
-44.2500000000026 36.40000000000674
36.79999999999707 36.45000000000674
36.64999999999708 36.65000000000673
-44.000000000002615 36.75000000000672
36.39999999999709 36.95000000000671
-43.75000000000263 37.1000000000067
36.199999999997104 37.200000000006696
-43.60000000000264 37.30000000000669
-43.450000000002646 37.50000000000668
35.94999999999712 37.50000000000668
35.89999999999712 37.550000000006676
35.649999999997135 37.85000000000666
35.59999999999714 37.900000000006656
-43.100000000002666 37.95000000000665
-42.90000000000268 38.20000000000664
35.299999999997155 38.25000000000664
35.24999999999716 38.300000000006634
-42.70000000000269 38.450000000006625
-42.5000000000027 38.70000000000661
34.84999999999718 38.75000000000661
34.79999999999718 38.800000000006605
34.749999999997186 38.8500000000066
-42.250000000002714 39.000000000006594
-42.00000000000273 39.30000000000658
-41.95000000000273 39.350000000006574
-41.65000000000275 39.700000000006554
33.94999999999723 39.700000000006554
-41.60000000000275 39.75000000000655
33.899999999997235 39.75000000000655
33.84999999999724 39.80000000000655
33.79999999999724 39.850000000006546
33.74999999999724 39.90000000000654
33.699999999997246 39.95000000000654
33.64999999999725 40.00000000000654
33.59999999999725 40.050000000006534
33.549999999997254 40.10000000000653
33.49999999999726 40.15000000000653
-41.200000000002774 40.200000000006526
33.44999999999726 40.200000000006526
-41.15000000000278 40.25000000000652
33.39999999999726 40.25000000000652
33.349999999997266 40.30000000000652
-40.45000000000282 41.00000000000648
-40.40000000000282 41.05000000000648
-40.35000000000282 41.100000000006474
32.499999999997314 41.100000000006474
-40.300000000002825 41.15000000000647
32.44999999999732 41.15000000000647
-40.25000000000283 41.20000000000647
32.39999999999732 41.20000000000647
-40.20000000000283 41.250000000006466
-40.150000000002834 41.30000000000646
-40.10000000000284 41.35000000000646
-40.05000000000284 41.40000000000646
-40.00000000000284 41.450000000006455
-39.950000000002845 41.50000000000645
-39.90000000000285 41.55000000000645
-39.85000000000285 41.600000000006446
31.949999999997342 41.600000000006446
-39.80000000000285 41.65000000000644
31.89999999999734 41.65000000000644
-39.750000000002856 41.70000000000644
-39.70000000000286 41.75000000000644
-39.65000000000286 41.800000000006435
31.549999999997336 41.950000000006426
31.499999999997335 42.00000000000642
31.14999999999733 42.300000000006406
-38.900000000002905 42.500000000006395
-38.85000000000291 42.55000000000639
30.849999999997326 42.55000000000639
-38.80000000000291 42.60000000000639
30.599999999997323 42.75000000000638
30.549999999997322 42.80000000000638
-38.40000000000293 42.95000000000637
-38.350000000002936 43.00000000000637
30.29999999999732 43.00000000000637
30.049999999997315 43.200000000006355
-38.000000000002956 43.30000000000635
-37.95000000000296 43.35000000000635
29.849999999997312 43.35000000000635
29.59999999999731 43.550000000006335
-37.650000000002976 43.60000000000633
29.399999999997306 43.70000000000633
-37.35000000000299 43.85000000000632
29.199999999997303 43.85000000000632
28.9999999999973 44.00000000000631
-37.10000000000301 44.05000000000631
28.799999999997297 44.1500000000063
-36.85000000000302 44.250000000006295
28.649999999997295 44.250000000006295
28.449999999997292 44.40000000000629
-36.600000000003035 44.450000000006284
28.29999999999729 44.50000000000628
-36.40000000000305 44.600000000006276
28.099999999997287 44.65000000000627
27.949999999997285 44.75000000000627
-36.15000000000306 44.800000000006264
27.799999999997283 44.85000000000626
-35.95000000000307 44.950000000006256
-35.60000000000309 45.20000000000624
-35.400000000003104 45.35000000000623
26.749999999997268 45.55000000000622
-35.05000000000312 45.60000000000622
26.599999999997266 45.650000000006216
-34.90000000000313 45.70000000000621
-34.75000000000314 45.80000000000621
26.19999999999726 45.9000000000062
26.049999999997258 46.000000000006196
25.799999999997254 46.15000000000619
25.54999999999725 46.30000000000618
25.299999999997247 46.45000000000617
-33.7000000000032 46.50000000000617
-33.55000000000321 46.60000000000616
25.049999999997244 46.60000000000616
24.69999999999724 46.80000000000615
-33.15000000000323 46.85000000000615
-32.900000000003246 47.00000000000614
24.349999999997234 47.00000000000614
24.249999999997232 47.050000000006136
-32.65000000000326 47.15000000000613
23.899999999997227 47.250000000006125
-32.400000000003274 47.30000000000612
23.799999999997226 47.30000000000612
-32.15000000000329 47.45000000000611
-32.050000000003294 47.50000000000611
-31.800000000003294 47.6500000000061
23.149999999997217 47.6500000000061
-31.700000000003293 47.7000000000061
23.049999999997215 47.7000000000061
22.949999999997214 47.7500000000061
22.849999999997213 47.800000000006094
22.74999999999721 47.85000000000609
-31.350000000003288 47.90000000000609
-31.250000000003286 47.950000000006085
-30.70000000000328 48.25000000000607
21.9499999999972 48.25000000000607
-30.600000000003277 48.300000000006065
21.8499999999972 48.300000000006065
-30.500000000003276 48.35000000000606
21.749999999997197 48.35000000000606
-30.400000000003274 48.40000000000606
21.649999999997195 48.40000000000606
21.549999999997194 48.45000000000606
20.899999999997185 48.75000000000604
20.799999999997183 48.80000000000604
-29.40000000000326 48.90000000000603
-29.30000000000326 48.95000000000603
-29.200000000003257 49.000000000006025
20.349999999997177 49.000000000006025
-29.100000000003256 49.05000000000602
19.999999999997172 49.15000000000602
19.89999999999717 49.200000000006014
-28.550000000003248 49.30000000000601
19.649999999997167 49.30000000000601
-28.450000000003246 49.350000000006006
19.549999999997166 49.350000000006006
19.299999999997162 49.450000000006
-28.00000000000324 49.550000000005994
18.949999999997157 49.60000000000599
-27.650000000003235 49.700000000005986
18.699999999997154 49.700000000005986
-27.550000000003234 49.75000000000598
18.44999999999715 49.80000000000598
-27.30000000000323 49.85000000000598
18.199999999997146 49.900000000005974
-26.950000000003225 50.00000000000597
17.79999999999714 50.050000000005966
-26.70000000000322 50.10000000000596
17.549999999997137 50.15000000000596
-26.450000000003218 50.20000000000596
17.399999999997135 50.20000000000596
-26.200000000003214 50.30000000000595
16.99999999999713 50.35000000000595
-25.95000000000321 50.400000000005946
-25.80000000000321 50.45000000000594
-25.550000000003205 50.55000000000594
16.44999999999712 50.55000000000594
-25.400000000003203 50.600000000005934
16.29999999999712 50.600000000005934
16.149999999997117 50.65000000000593
15.999999999997117 50.70000000000593
-25.000000000003197 50.750000000005926
-24.850000000003195 50.80000000000592
15.249999999997106 50.950000000005915
-24.300000000003187 51.00000000000591
15.099999999997104 51.00000000000591
-24.150000000003185 51.05000000000591
14.949999999997102 51.05000000000591
-24.000000000003183 51.100000000005906
14.7999999999971 51.100000000005906
-23.85000000000318 51.1500000000059
14.649999999997098 51.1500000000059
-23.70000000000318 51.2000000000059
-23.550000000003177 51.2500000000059
14.14999999999709 51.300000000005895
13.999999999997089 51.35000000000589
-22.900000000003168 51.450000000005886
13.649999999997084 51.450000000005886
-22.750000000003165 51.50000000000588
13.299999999997079 51.55000000000588
-22.25000000000316 51.650000000005875
12.949999999997074 51.650000000005875
-21.900000000003153 51.75000000000587
12.599999999997069 51.75000000000587
-21.75000000000315 51.800000000005866
-21.55000000000315 51.85000000000586
12.04999999999706 51.90000000000586
-21.200000000003143 51.95000000000586
11.849999999997058 51.95000000000586
-21.00000000000314 52.000000000005855
11.649999999997055 52.000000000005855
11.449999999997052 52.05000000000585
-20.650000000003136 52.10000000000585
11.24999999999705 52.10000000000585
-20.450000000003133 52.150000000005846
11.049999999997047 52.150000000005846
-20.25000000000313 52.20000000000584
10.849999999997044 52.20000000000584
-20.050000000003127 52.25000000000584
10.649999999997041 52.25000000000584
-19.850000000003124 52.30000000000584
10.449999999997038 52.30000000000584
-19.65000000000312 52.350000000005835
-19.45000000000312 52.40000000000583
9.999999999997032 52.40000000000583
9.799999999997029 52.45000000000583
-19.000000000003112 52.50000000000583
9.549999999997025 52.50000000000583
-18.80000000000311 52.550000000005824
9.349999999997022 52.550000000005824
-18.550000000003106 52.60000000000582
9.099999999997019 52.60000000000582
-18.350000000003103 52.65000000000582
8.849999999997015 52.65000000000582
-18.1000000000031 52.700000000005815
-17.850000000003096 52.75000000000581
8.099999999997005 52.80000000000581
7.849999999997005 52.85000000000581
7.599999999997006 52.900000000005804
-16.85000000000308 52.9500000000058
-16.600000000003078 53.0000000000058
7.0499999999970075 53.0000000000058
-16.300000000003074 53.050000000005795
6.749999999997009 53.050000000005795
-16.05000000000307 53.10000000000579
-15.750000000003066 53.15000000000579
-15.450000000003062 53.20000000000579
5.849999999997012 53.20000000000579
-15.150000000003057 53.250000000005784
5.549999999997013 53.250000000005784
-14.800000000003052 53.30000000000578
5.199999999997014 53.30000000000578
-14.500000000003048 53.35000000000578
4.899999999997015 53.35000000000578
-14.150000000003043 53.400000000005775
4.499999999997017 53.400000000005775
4.549999999997016 53.400000000005775
-13.800000000003038 53.45000000000577
4.149999999997018 53.45000000000577
-13.400000000003033 53.50000000000577
3.7499999999970193 53.50000000000577
3.799999999997019 53.50000000000577
-13.050000000003028 53.55000000000577
-13.000000000003027 53.55000000000577
3.3499999999970207 53.55000000000577
3.3999999999970205 53.55000000000577
-12.600000000003021 53.600000000005764
2.949999999997022 53.600000000005764
-12.200000000003016 53.65000000000576
-12.150000000003015 53.65000000000576
2.4999999999970237 53.65000000000576
-11.700000000003008 53.70000000000576
1.9999999999970253 53.70000000000576
2.0499999999970253 53.70000000000576
-11.200000000003001 53.750000000005755
1.4999999999970248 53.750000000005755
-10.650000000002994 53.80000000000575
0.8999999999970244 53.80000000000575
0.9499999999970244 53.80000000000575
-10.050000000002985 53.85000000000575
-10.000000000002984 53.85000000000575
0.2999999999970241 53.85000000000575
0.3499999999970241 53.85000000000575
-9.350000000002975 53.90000000000575
-9.300000000002974 53.90000000000575
-0.40000000000297586 53.90000000000575
-0.3500000000029759 53.90000000000575
-8.550000000002964 53.950000000005744
-8.500000000002963 53.950000000005744
-8.450000000002962 53.950000000005744
-1.3000000000029766 53.950000000005744
-1.2500000000029765 53.950000000005744
-1.2000000000029765 53.950000000005744
-7.450000000002958 54.00000000000574
-7.400000000002958 54.00000000000574
-7.350000000002958 54.00000000000574
-7.300000000002958 54.00000000000574
-2.4500000000029756 54.00000000000574
-2.4000000000029758 54.00000000000574
-2.350000000002976 54.00000000000574
-2.300000000002976 54.00000000000574
-2.2500000000029763 54.00000000000574
-5.050000000002966 54.05000000000574
-5.0000000000029665 54.05000000000574
-4.950000000002967 54.05000000000574
-4.900000000002967 54.05000000000574
-4.850000000002967 54.05000000000574
-4.800000000002967 54.05000000000574
-4.750000000002967 54.05000000000574
-4.700000000002968 54.05000000000574
