-60.60000000000167 -35.049999999993474
-60.550000000001674 -35.049999999993474
-60.50000000000168 -35.049999999993474
-60.45000000000168 -35.049999999993474
-60.40000000000168 -35.049999999993474
-60.350000000001685 -35.049999999993474
-56.00000000000193 -35.049999999993474
-55.950000000001936 -35.049999999993474
-55.90000000000194 -35.049999999993474
-55.85000000000194 -35.049999999993474
-55.800000000001944 -35.049999999993474
-55.75000000000195 -35.049999999993474
-55.70000000000195 -35.049999999993474
-61.600000000001614 -34.99999999999348
-61.55000000000162 -34.99999999999348
-61.50000000000162 -34.99999999999348
-61.45000000000162 -34.99999999999348
-54.70000000000201 -34.99999999999348
-54.65000000000201 -34.99999999999348
-54.60000000000201 -34.99999999999348
-54.550000000002015 -34.99999999999348
-54.50000000000202 -34.99999999999348
-62.35000000000157 -34.94999999999348
-62.300000000001575 -34.94999999999348
-62.25000000000158 -34.94999999999348
-62.20000000000158 -34.94999999999348
-53.75000000000206 -34.94999999999348
-53.70000000000206 -34.94999999999348
-53.650000000002066 -34.94999999999348
-53.60000000000207 -34.94999999999348
-62.95000000000154 -34.89999999999348
-62.90000000000154 -34.89999999999348
-62.85000000000154 -34.89999999999348
-52.950000000002106 -34.89999999999348
-52.90000000000211 -34.89999999999348
-52.85000000000211 -34.89999999999348
-52.800000000002115 -34.89999999999348
-63.45000000000151 -34.849999999993486
-63.40000000000151 -34.849999999993486
-63.350000000001515 -34.849999999993486
-52.20000000000215 -34.849999999993486
-52.15000000000215 -34.849999999993486
-52.100000000002154 -34.849999999993486
-63.900000000001484 -34.79999999999349
-63.85000000000149 -34.79999999999349
-51.550000000002186 -34.79999999999349
-51.50000000000219 -34.79999999999349
-64.35000000000146 -34.74999999999349
-64.30000000000146 -34.74999999999349
-64.25000000000146 -34.74999999999349
-50.95000000000222 -34.74999999999349
-50.90000000000222 -34.74999999999349
-64.70000000000144 -34.699999999993494
-64.65000000000144 -34.699999999993494
-50.40000000000225 -34.699999999993494
-50.350000000002254 -34.699999999993494
-50.30000000000226 -34.699999999993494
-65.05000000000142 -34.6499999999935
-65.00000000000142 -34.6499999999935
-49.85000000000228 -34.6499999999935
-49.800000000002285 -34.6499999999935
-65.4000000000014 -34.5999999999935
-65.3500000000014 -34.5999999999935
-49.35000000000231 -34.5999999999935
-49.30000000000231 -34.5999999999935
-65.70000000000138 -34.5499999999935
-65.65000000000138 -34.5499999999935
-48.85000000000234 -34.5499999999935
-48.80000000000234 -34.5499999999935
-66.00000000000136 -34.499999999993506
-65.95000000000137 -34.499999999993506
-48.35000000000237 -34.499999999993506
-66.25000000000135 -34.44999999999351
-66.20000000000135 -34.44999999999351
-47.90000000000239 -34.44999999999351
-47.850000000002396 -34.44999999999351
-66.50000000000134 -34.39999999999351
-47.45000000000242 -34.39999999999351
-66.75000000000132 -34.349999999993514
-47.05000000000244 -34.349999999993514
-47.000000000002444 -34.349999999993514
-67.00000000000131 -34.29999999999352
-46.60000000000247 -34.29999999999352
-67.2500000000013 -34.24999999999352
-67.2000000000013 -34.24999999999352
-46.20000000000249 -34.24999999999352
-67.45000000000128 -34.19999999999352
-45.80000000000251 -34.19999999999352
-67.65000000000127 -34.149999999993526
-45.400000000002535 -34.149999999993526
-67.85000000000126 -34.09999999999353
-45.050000000002555 -34.09999999999353
-45.00000000000256 -34.09999999999353
-68.05000000000125 -34.04999999999353
-44.65000000000258 -34.04999999999353
-68.25000000000124 -33.999999999993534
-44.3000000000026 -33.999999999993534
-68.45000000000122 -33.94999999999354
-43.95000000000262 -33.94999999999354
-43.90000000000262 -33.94999999999354
-68.60000000000122 -33.89999999999354
-43.55000000000264 -33.89999999999354
-68.8000000000012 -33.84999999999354
-43.25000000000266 -33.84999999999354
-43.20000000000266 -33.84999999999354
-68.9500000000012 -33.799999999993545
-42.90000000000268 -33.799999999993545
-42.85000000000268 -33.799999999993545
-69.15000000000119 -33.74999999999355
-69.10000000000119 -33.74999999999355
-42.5500000000027 -33.74999999999355
-69.30000000000118 -33.69999999999355
-42.20000000000272 -33.69999999999355
-69.45000000000117 -33.649999999993554
-41.900000000002734 -33.649999999993554
-41.85000000000274 -33.649999999993554
-69.60000000000116 -33.59999999999356
-41.550000000002754 -33.59999999999356
-69.75000000000115 -33.54999999999356
-41.25000000000277 -33.54999999999356
-69.90000000000114 -33.49999999999356
-40.90000000000279 -33.49999999999356
-70.05000000000113 -33.449999999993565
-40.60000000000281 -33.449999999993565
-70.15000000000113 -33.39999999999357
-40.300000000002825 -33.39999999999357
-70.30000000000112 -33.34999999999357
-40.00000000000284 -33.34999999999357
-70.45000000000111 -33.299999999993574
-39.70000000000286 -33.299999999993574
-70.5500000000011 -33.24999999999358
-39.400000000002876 -33.24999999999358
-70.7000000000011 -33.19999999999358
-39.10000000000289 -33.19999999999358
-70.80000000000109 -33.14999999999358
-38.80000000000291 -33.14999999999358
-70.95000000000108 -33.099999999993585
-38.50000000000293 -33.099999999993585
-71.05000000000108 -33.04999999999359
-38.200000000002944 -33.04999999999359
-71.15000000000107 -32.99999999999359
-37.95000000000296 -32.99999999999359
-71.30000000000106 -32.949999999993594
-37.650000000002976 -32.949999999993594
-71.40000000000106 -32.8999999999936
-37.35000000000299 -32.8999999999936
-71.50000000000105 -32.8499999999936
-37.10000000000301 -32.8499999999936
-71.60000000000105 -32.7999999999936
-36.800000000003024 -32.7999999999936
-36.55000000000304 -32.749999999993605
-71.85000000000103 -32.69999999999361
-71.95000000000103 -32.64999999999361
-36.00000000000307 -32.64999999999361
-72.05000000000102 -32.599999999993614
-35.750000000003084 -32.599999999993614
-72.15000000000101 -32.54999999999362
-72.25000000000101 -32.49999999999362
-35.200000000003115 -32.49999999999362
-72.350000000001 -32.44999999999362
-34.95000000000313 -32.44999999999362
-34.70000000000314 -32.399999999993625
-34.45000000000316 -32.34999999999363
-72.60000000000099 -32.29999999999363
-34.20000000000317 -32.29999999999363
-72.70000000000098 -32.24999999999363
-33.950000000003186 -32.24999999999363
-72.80000000000098 -32.199999999993636
-33.7000000000032 -32.199999999993636
-72.90000000000097 -32.14999999999364
-33.450000000003214 -32.14999999999364
-72.95000000000097 -32.09999999999364
-33.20000000000323 -32.09999999999364
-73.05000000000096 -32.049999999993645
-32.95000000000324 -32.049999999993645
-73.15000000000096 -31.999999999993644
-32.70000000000326 -31.999999999993644
-32.45000000000327 -31.949999999993643
-73.30000000000095 -31.899999999993643
-32.200000000003286 -31.899999999993643
-73.40000000000094 -31.849999999993642
-73.45000000000094 -31.79999999999364
-73.55000000000094 -31.74999999999364
-31.50000000000329 -31.74999999999364
-31.250000000003286 -31.69999999999364
-73.70000000000093 -31.64999999999364
-30.80000000000328 -31.59999999999364
-73.85000000000092 -31.549999999993638
-30.550000000003276 -31.549999999993638
-74.00000000000091 -31.449999999993636
-30.10000000000327 -31.449999999993636
-74.1500000000009 -31.349999999993635
-29.650000000003264 -31.349999999993635
-74.2000000000009 -31.299999999993634
-29.200000000003257 -31.249999999993634
-74.35000000000089 -31.199999999993633
-28.75000000000325 -31.149999999993632
-74.50000000000088 -31.09999999999363
-74.55000000000088 -31.04999999999363
-28.300000000003244 -31.04999999999363
-28.10000000000324 -30.99999999999363
-74.70000000000087 -30.94999999999363
-74.75000000000087 -30.89999999999363
-27.650000000003235 -30.89999999999363
-74.80000000000086 -30.849999999993628
-27.450000000003232 -30.849999999993628
-74.95000000000086 -30.749999999993626
-27.000000000003226 -30.749999999993626
-75.00000000000085 -30.699999999993626
-26.800000000003223 -30.699999999993626
-75.05000000000085 -30.649999999993625
-26.60000000000322 -30.649999999993625
-75.25000000000084 -30.499999999993623
-25.95000000000321 -30.499999999993623
-75.30000000000084 -30.449999999993622
-25.750000000003208 -30.449999999993622
-75.35000000000083 -30.39999999999362
-25.550000000003205 -30.39999999999362
-75.40000000000083 -30.34999999999362
-25.350000000003202 -30.34999999999362
-25.1500000000032 -30.29999999999362
-24.950000000003197 -30.24999999999362
-24.750000000003194 -30.19999999999362
-75.65000000000082 -30.149999999993618
-75.70000000000081 -30.099999999993617
-75.75000000000081 -30.049999999993616
-75.80000000000081 -29.999999999993616
-75.8500000000008 -29.949999999993615
-23.75000000000318 -29.949999999993615
-75.9000000000008 -29.899999999993614
-23.550000000003177 -29.899999999993614
-75.9500000000008 -29.849999999993614
-23.350000000003174 -29.849999999993614
-76.0000000000008 -29.799999999993613
-23.15000000000317 -29.799999999993613
-76.0500000000008 -29.749999999993612
-22.95000000000317 -29.749999999993612
-76.10000000000079 -29.69999999999361
-22.750000000003165 -29.69999999999361
-76.15000000000079 -29.64999999999361
-76.20000000000078 -29.59999999999361
-76.25000000000078 -29.54999999999361
-76.30000000000078 -29.49999999999361
-22.000000000003155 -29.49999999999361
-76.35000000000078 -29.449999999993608
-21.800000000003152 -29.449999999993608
-76.40000000000077 -29.399999999993607
-76.45000000000077 -29.349999999993607
-76.50000000000077 -29.299999999993606
-21.250000000003144 -29.299999999993606
-76.55000000000076 -29.249999999993605
-21.05000000000314 -29.249999999993605
-76.60000000000076 -29.199999999993604
-76.65000000000076 -29.149999999993604
-20.500000000003133 -29.099999999993603
-20.30000000000313 -29.049999999993602
-19.950000000003126 -28.9499999999936
-76.85000000000075 -28.8999999999936
-76.90000000000074 -28.8499999999936
-76.95000000000074 -28.7999999999936
-19.400000000003118 -28.7999999999936
-77.00000000000074 -28.749999999993598
-19.050000000003113 -28.699999999993597
-18.700000000003108 -28.599999999993596
-77.15000000000073 -28.549999999993595
-18.500000000003105 -28.549999999993595
-77.20000000000073 -28.499999999993594
-77.25000000000072 -28.449999999993594
-18.1500000000031 -28.449999999993594
-17.800000000003095 -28.349999999993592
-77.40000000000072 -28.24999999999359
-77.45000000000071 -28.19999999999359
-17.300000000003088 -28.19999999999359
-16.950000000003083 -28.09999999999359
-77.55000000000071 -28.049999999993588
-77.6000000000007 -27.999999999993587
-16.600000000003078 -27.999999999993587
-77.7000000000007 -27.849999999993585
-16.10000000000307 -27.849999999993585
-77.7500000000007 -27.799999999993585
-15.600000000003064 -27.699999999993583
-77.85000000000069 -27.649999999993582
-77.90000000000069 -27.59999999999358
-15.100000000003057 -27.54999999999358
-14.950000000003055 -27.49999999999358
-78.00000000000068 -27.44999999999358
-14.450000000003048 -27.349999999993578
-78.10000000000068 -27.299999999993577
-14.300000000003045 -27.299999999993577
-78.20000000000067 -27.149999999993575
-13.800000000003038 -27.149999999993575
-13.650000000003036 -27.099999999993575
-78.30000000000067 -26.999999999993573
-78.40000000000066 -26.84999999999357
-12.850000000003025 -26.84999999999357
-12.700000000003023 -26.79999999999357
-12.55000000000302 -26.74999999999357
-78.50000000000065 -26.69999999999357
-12.400000000003018 -26.69999999999357
-78.60000000000065 -26.549999999993567
-78.65000000000065 -26.449999999993565
-78.75000000000064 -26.299999999993563
-78.80000000000064 -26.19999999999356
-78.90000000000063 -26.04999999999356
-78.95000000000063 -25.949999999993558
-79.00000000000063 -25.849999999993557
-79.10000000000062 -25.699999999993555
-9.250000000002974 -25.649999999993554
-79.15000000000062 -25.599999999993553
-9.100000000002971 -25.599999999993553
-8.95000000000297 -25.549999999993553
-79.20000000000061 -25.499999999993552
-79.25000000000061 -25.39999999999355
-8.100000000002957 -25.24999999999355
-7.950000000002956 -25.199999999993548
-79.4500000000006 -25.049999999993545
-7.400000000002958 -24.999999999993545
-79.5000000000006 -24.949999999993544
-7.2500000000029585 -24.949999999993544
-79.5500000000006 -24.849999999993543
-6.85000000000296 -24.799999999993542
-79.60000000000059 -24.74999999999354
-6.7000000000029605 -24.74999999999354
-79.65000000000059 -24.64999999999354
-6.300000000002962 -24.59999999999354
-79.70000000000059 -24.54999999999354
-5.900000000002963 -24.449999999993537
-5.750000000002964 -24.399999999993536
-5.500000000002965 -24.299999999993535
-5.350000000002965 -24.249999999993534
-79.85000000000058 -24.199999999993533
-5.100000000002966 -24.149999999993533
-79.90000000000057 -24.099999999993532
-79.95000000000057 -23.99999999999353
-4.700000000002968 -23.99999999999353
-80.00000000000057 -23.89999999999353
-4.300000000002969 -23.84999999999353
-80.05000000000057 -23.799999999993528
-4.05000000000297 -23.749999999993527
-3.800000000002971 -23.649999999993526
-80.15000000000056 -23.549999999993524
-80.20000000000056 -23.449999999993523
-3.150000000002973 -23.399999999993522
-2.900000000002974 -23.29999999999352
-80.30000000000055 -23.19999999999352
-2.650000000002975 -23.19999999999352
-80.35000000000055 -23.099999999993518
-2.4000000000029758 -23.099999999993518
-2.1500000000029766 -22.999999999993516
-80.40000000000055 -22.949999999993516
-80.45000000000054 -22.849999999993514
-1.5500000000029768 -22.749999999993513
-80.50000000000054 -22.699999999993512
-1.3000000000029766 -22.64999999999351
-80.55000000000054 -22.59999999999351
-80.60000000000053 -22.44999999999351
-0.700000000002976 -22.399999999993508
-80.65000000000053 -22.349999999993507
-0.3500000000029759 -22.249999999993506
-80.70000000000053 -22.199999999993505
-2.9759111841443087E-12 -22.099999999993504
-80.80000000000052 -21.9499999999935
-80.85000000000052 -21.7999999999935
0.6999999999970242 -21.7999999999935
-80.90000000000052 -21.649999999993497
1.0499999999970244 -21.649999999993497
-80.95000000000051 -21.549999999993496
1.4999999999970248 -21.449999999993494
-81.00000000000051 -21.399999999993494
-81.05000000000051 -21.24999999999349
1.9499999999970252 -21.24999999999349
-81.1000000000005 -21.09999999999349
2.399999999997024 -21.04999999999349
-81.1500000000005 -20.949999999993487
-81.2000000000005 -20.799999999993485
2.949999999997022 -20.799999999993485
3.0499999999970218 -20.749999999993484
-81.2500000000005 -20.649999999993483
-81.3000000000005 -20.49999999999348
3.59999999999702 -20.49999999999348
3.6999999999970195 -20.44999999999348
-81.35000000000049 -20.34999999999348
-81.40000000000049 -20.199999999993477
-81.45000000000049 -20.049999999993474
4.549999999997016 -20.049999999993474
4.649999999997016 -19.999999999993474
4.749999999997016 -19.949999999993473
-81.50000000000048 -19.84999999999347
-81.55000000000048 -19.69999999999347
-81.60000000000048 -19.549999999993467
-81.65000000000047 -19.349999999993464
-81.70000000000047 -19.199999999993462
-81.75000000000047 -19.04999999999346
-81.80000000000047 -18.849999999993457
-81.85000000000046 -18.649999999993454
-81.90000000000046 -18.499999999993452
7.649999999997005 -18.499999999993452
7.749999999997005 -18.44999999999345
7.849999999997005 -18.39999999999345
7.949999999997004 -18.34999999999345
-81.95000000000046 -18.29999999999345
-82.00000000000045 -18.099999999993447
8.599999999997012 -17.999999999993445
-82.05000000000045 -17.949999999993445
8.699999999997013 -17.949999999993445
-82.10000000000045 -17.74999999999344
9.249999999997021 -17.64999999999344
9.349999999997022 -17.59999999999344
-82.15000000000045 -17.54999999999344
-82.20000000000044 -17.349999999993436
9.799999999997029 -17.349999999993436
-82.25000000000044 -17.149999999993433
10.249999999997035 -17.099999999993432
-82.30000000000044 -16.94999999999343
10.699999999997042 -16.84999999999343
-82.35000000000043 -16.749999999993427
-82.35000000000043 -16.699999999993427
11.049999999997047 -16.649999999993426
-82.40000000000043 -16.499999999993424
11.399999999997052 -16.449999999993423
-82.45000000000043 -16.29999999999342
11.649999999997055 -16.29999999999342
-82.50000000000043 -16.09999999999342
11.99999999999706 -16.09999999999342
-82.50000000000043 -16.049999999993418
12.249999999997064 -15.949999999993416
-82.55000000000042 -15.849999999993415
12.499999999997067 -15.799999999993414
-82.60000000000042 -15.649999999993412
12.74999999999707 -15.649999999993412
12.999999999997074 -15.49999999999341
-82.65000000000042 -15.399999999993408
13.249999999997078 -15.349999999993408
-82.70000000000041 -15.149999999993405
13.649999999997084 -15.099999999993404
-82.75000000000041 -14.949999999993402
-82.75000000000041 -14.899999999993401
14.04999999999709 -14.8499999999934
-82.80000000000041 -14.699999999993398
14.449999999997095 -14.599999999993397
14.599999999997097 -14.499999999993396
-82.8500000000004 -14.449999999993395
-82.9000000000004 -14.199999999993391
15.149999999997105 -14.14999999999339
15.299999999997107 -14.049999999993389
-82.9500000000004 -13.949999999993388
15.44999999999711 -13.949999999993388
-82.9500000000004 -13.899999999993387
15.599999999997111 -13.849999999993386
-83.0000000000004 -13.649999999993383
16.199999999997118 -13.44999999999338
-83.0500000000004 -13.39999999999338
16.34999999999712 -13.34999999999338
16.499999999997122 -13.249999999993378
-83.10000000000039 -13.149999999993376
16.649999999997124 -13.149999999993376
-83.15000000000039 -12.849999999993372
17.299999999997134 -12.69999999999337
-83.20000000000039 -12.599999999993369
-83.20000000000039 -12.549999999993368
17.64999999999714 -12.449999999993366
17.79999999999714 -12.349999999993365
-83.25000000000038 -12.299999999993364
18.149999999997146 -12.099999999993361
-83.30000000000038 -11.99999999999336
18.34999999999715 -11.94999999999336
-83.35000000000038 -11.699999999993356
18.699999999997154 -11.699999999993356
18.899999999997156 -11.549999999993354
-83.40000000000038 -11.399999999993351
19.09999999999716 -11.399999999993351
19.299999999997162 -11.24999999999335
-83.45000000000037 -11.099999999993347
19.499999999997165 -11.099999999993347
19.699999999997168 -10.949999999993345
-83.50000000000037 -10.799999999993343
19.89999999999717 -10.799999999993343
-83.50000000000037 -10.749999999993342
-83.55000000000037 -10.449999999993338
20.349999999997177 -10.449999999993338
-83.60000000000036 -10.149999999993334
-83.60000000000036 -10.099999999993333
20.799999999997183 -10.099999999993333
21.049999999997187 -9.89999999999333
-83.65000000000036 -9.799999999993329
21.29999999999719 -9.699999999993327
-83.70000000000036 -9.449999999993324
21.8499999999972 -9.249999999993321
-83.75000000000036 -9.099999999993319
22.149999999997203 -8.999999999993317
-83.80000000000035 -8.749999999993314
22.449999999997207 -8.749999999993314
22.799999999997212 -8.44999999999331
-83.85000000000035 -8.399999999993309
-83.85000000000035 -8.349999999993308
23.149999999997217 -8.149999999993305
-83.90000000000035 -7.999999999993304
23.549999999997222 -7.799999999993305
-83.95000000000034 -7.649999999993305
-83.95000000000034 -7.599999999993305
23.99999999999723 -7.399999999993306
24.04999999999723 -7.349999999993306
-84.00000000000034 -7.249999999993307
-84.00000000000034 -7.199999999993307
24.549999999997237 -6.899999999993308
-84.05000000000034 -6.849999999993308
24.599999999997237 -6.849999999993308
-84.05000000000034 -6.799999999993308
-84.10000000000034 -6.4499999999933095
-84.10000000000034 -6.39999999999331
25.349999999997248 -6.149999999993311
25.39999999999725 -6.099999999993311
25.44999999999725 -6.049999999993311
-84.15000000000033 -5.999999999993311
25.49999999999725 -5.999999999993311
-84.20000000000033 -5.5999999999933125
-84.20000000000033 -5.549999999993313
-84.25000000000033 -5.149999999993314
-84.25000000000033 -5.099999999993314
-84.30000000000032 -4.699999999993316
-84.30000000000032 -4.649999999993316
-84.35000000000032 -4.249999999993317
27.249999999997275 -4.249999999993317
-84.35000000000032 -4.1999999999933175
27.299999999997276 -4.1999999999933175
27.349999999997276 -4.149999999993318
27.399999999997277 -4.099999999993318
27.449999999997278 -4.049999999993318
-84.40000000000032 -3.749999999993319
-84.40000000000032 -3.6999999999933193
28.099999999997287 -3.3499999999933205
28.149999999997288 -3.2999999999933207
-84.45000000000032 -3.249999999993321
-84.45000000000032 -3.199999999993321
28.599999999997294 -2.7999999999933225
-84.50000000000031 -2.7499999999933227
28.649999999997295 -2.7499999999933227
-84.50000000000031 -2.699999999993323
28.9999999999973 -2.349999999993324
29.0499999999973 -2.2999999999933243
-84.55000000000031 -2.2499999999933245
-84.55000000000031 -2.1999999999933246
29.349999999997305 -1.949999999993325
29.399999999997306 -1.899999999993325
-84.6000000000003 -1.6999999999933249
-84.6000000000003 -1.6499999999933248
29.64999999999731 -1.5999999999933248
29.949999999997313 -1.2499999999933245
-84.6500000000003 -1.1499999999933244
-84.6500000000003 -1.0999999999933243
30.199999999997317 -0.9499999999933242
30.39999999999732 -0.699999999993324
-84.7000000000003 -0.5999999999933239
-84.7000000000003 -0.5499999999933238
30.649999999997323 -0.39999999999332386
30.849999999997326 -0.14999999999332392
-84.7500000000003 6.676090236190646E-12
-84.7500000000003 0.05000000000667609
31.04999999999733 0.1000000000066761
31.19999999999733 0.3000000000066761
31.399999999997334 0.5500000000066761
-84.8000000000003 0.6000000000066762
-84.8000000000003 0.6500000000066762
31.549999999997336 0.7500000000066763
31.69999999999734 0.9500000000066765
-84.85000000000029 1.2000000000066766
-84.85000000000029 1.2500000000066767
32.149999999997334 1.550000000006677
32.299999999997326 1.750000000006677
-84.90000000000029 1.8500000000066772
-84.90000000000029 1.9000000000066772
32.54999999999731 2.100000000006677
32.6999999999973 2.3000000000066763
-84.95000000000029 2.5000000000066755
-84.95000000000029 2.5500000000066754
33.04999999999728 2.8000000000066745
-85.00000000000028 3.200000000006673
-85.00000000000028 3.250000000006673
33.49999999999726 3.450000000006672
33.59999999999725 3.6000000000066716
33.699999999997246 3.750000000006671
-85.05000000000028 3.9000000000066706
33.79999999999724 3.9000000000066706
-85.05000000000028 3.9500000000066704
33.899999999997235 4.05000000000667
33.99999999999723 4.2000000000066695
-85.10000000000028 4.650000000006668
-85.10000000000028 4.700000000006668
34.34999999999721 4.7500000000066676
34.4499999999972 4.900000000006667
34.69999999999719 5.300000000006666
-85.15000000000028 5.400000000006665
-85.15000000000028 5.450000000006665
-85.15000000000028 5.500000000006665
34.949999999997175 5.700000000006664
35.099999999997166 5.950000000006663
-85.20000000000027 6.200000000006662
35.24999999999716 6.200000000006662
-85.20000000000027 6.250000000006662
-85.20000000000027 6.300000000006662
35.39999999999715 6.4500000000066615
-85.25000000000027 7.050000000006659
35.74999999999713 7.050000000006659
-85.25000000000027 7.100000000006659
35.94999999999712 7.400000000006658
36.199999999997104 7.8500000000066565
-85.30000000000027 7.900000000006656
-85.30000000000027 7.950000000006656
-85.30000000000027 8.000000000006656
36.44999999999709 8.30000000000666
36.49999999999709 8.400000000006662
-85.35000000000026 8.800000000006667
-85.35000000000026 8.850000000006668
-85.35000000000026 8.900000000006669
36.84999999999707 9.050000000006671
36.899999999997064 9.150000000006672
36.94999999999706 9.250000000006674
-85.40000000000026 9.75000000000668
-85.40000000000026 9.800000000006682
-85.40000000000026 9.850000000006682
-85.45000000000026 10.750000000006695
-85.45000000000026 10.800000000006696
-85.45000000000026 10.850000000006697
37.79999999999701 10.950000000006698
37.84999999999701 11.0500000000067
37.89999999999701 11.1500000000067
38.19999999999699 11.80000000000671
-85.50000000000026 11.85000000000671
-85.50000000000026 11.900000000006711
38.24999999999699 11.900000000006711
-85.50000000000026 11.950000000006712
38.449999999996976 12.350000000006718
38.49999999999697 12.45000000000672
38.649999999996965 12.800000000006724
-85.55000000000025 12.950000000006726
-85.55000000000025 13.000000000006727
-85.55000000000025 13.050000000006728
38.84999999999695 13.25000000000673
38.999999999996945 13.600000000006736
39.09999999999694 13.85000000000674
-85.60000000000025 14.150000000006743
-85.60000000000025 14.200000000006744
39.24999999999693 14.200000000006744
-85.60000000000025 14.250000000006745
39.349999999996925 14.450000000006748
39.44999999999692 14.700000000006751
39.54999999999691 14.950000000006755
39.64999999999691 15.200000000006758
-85.65000000000025 15.400000000006761
-85.65000000000025 15.450000000006762
-85.65000000000025 15.500000000006763
-85.65000000000025 15.550000000006763
39.7999999999969 15.600000000006764
39.94999999999689 16.000000000006768
40.09999999999688 16.400000000006774
-85.70000000000024 16.75000000000678
-85.70000000000024 16.80000000000678
-85.70000000000024 16.85000000000678
-85.70000000000024 16.90000000000678
40.29999999999687 16.95000000000678
40.34999999999687 17.100000000006784
40.64999999999685 17.950000000006796
40.69999999999685 18.100000000006798
-85.75000000000024 18.2500000000068
40.749999999996845 18.2500000000068
-85.75000000000024 18.3000000000068
-85.75000000000024 18.3500000000068
-85.75000000000024 18.400000000006802
40.79999999999684 18.400000000006802
40.84999999999684 18.550000000006804
41.099999999996825 19.350000000006816
41.14999999999682 19.500000000006818
-85.80000000000024 19.850000000006823
-85.80000000000024 19.900000000006823
-85.80000000000024 19.950000000006824
-85.80000000000024 20.000000000006825
41.299999999996814 20.000000000006825
41.34999999999681 20.150000000006827
41.449999999996805 20.500000000006832
41.649999999996794 21.200000000006842
41.74999999999679 21.550000000006847
-85.85000000000024 21.600000000006848
-85.85000000000024 21.650000000006848
-85.85000000000024 21.70000000000685
-85.85000000000024 21.75000000000685
-85.85000000000024 21.80000000000685
41.89999999999678 22.100000000006855
41.94999999999678 22.300000000006857
-85.90000000000023 23.600000000006876
-85.90000000000023 23.650000000006877
-85.90000000000023 23.700000000006877
-85.90000000000023 23.750000000006878
-85.90000000000023 23.80000000000688
-85.90000000000023 23.85000000000688
42.39999999999675 24.100000000006883
42.44999999999675 24.300000000006886
42.54999999999674 24.750000000006892
42.64999999999674 25.2000000000069
42.74999999999673 25.650000000006905
-85.95000000000023 25.90000000000691
42.79999999999673 25.90000000000691
-85.95000000000023 25.95000000000691
-85.95000000000023 26.00000000000691
-85.95000000000023 26.05000000000691
-85.95000000000023 26.10000000000691
-85.95000000000023 26.150000000006912
42.849999999996726 26.150000000006912
-85.95000000000023 26.200000000006913
42.89999999999672 26.400000000006916
42.94999999999672 26.65000000000692
42.99999999999672 26.900000000006923
43.049999999996714 27.150000000006926
43.14999999999671 27.700000000006934
43.2499999999967 28.250000000006942
43.2999999999967 28.550000000006946
-86.00000000000023 28.650000000006948
-86.00000000000023 28.70000000000695
-86.00000000000023 28.75000000000695
-86.00000000000023 28.80000000000695
-86.00000000000023 28.85000000000695
43.3499999999967 28.85000000000695
-86.00000000000023 28.90000000000695
-86.00000000000023 28.950000000006952
-86.00000000000023 29.000000000006953
-86.00000000000023 29.050000000006953
43.399999999996695 29.150000000006955
43.49999999999669 29.800000000006964
43.549999999996686 30.15000000000697
43.59999999999668 30.500000000006974
43.64999999999668 30.85000000000698
43.69999999999668 31.200000000006984
43.749999999996675 31.60000000000699
43.79999999999667 32.00000000000699
-86.05000000000022 32.35000000000697
-86.05000000000022 32.40000000000697
-86.05000000000022 32.450000000006966
43.84999999999667 32.450000000006966
-86.05000000000022 32.50000000000696
-86.05000000000022 32.55000000000696
-86.05000000000022 32.60000000000696
-86.05000000000022 32.650000000006955
-86.05000000000022 32.70000000000695
-86.05000000000022 32.75000000000695
-86.05000000000022 32.800000000006946
-86.05000000000022 32.85000000000694
43.899999999996666 32.85000000000694
-86.05000000000022 32.90000000000694
43.899999999996666 32.90000000000694
43.94999999999666 33.350000000006915
43.99999999999666 33.85000000000689
44.04999999999666 34.400000000006855
44.099999999996655 34.950000000006824
44.099999999996655 35.00000000000682
44.14999999999665 35.60000000000679
44.14999999999665 35.650000000006784
44.19999999999665 36.350000000006744
44.19999999999665 36.40000000000674
44.249999999996646 37.200000000006696
44.249999999996646 37.25000000000669
44.29999999999664 38.300000000006634
44.29999999999664 38.35000000000663
44.29999999999664 38.40000000000663
44.34999999999664 40.25000000000652
44.34999999999664 40.30000000000652
44.34999999999664 40.35000000000652
44.34999999999664 40.400000000006514
44.34999999999664 40.45000000000651
44.34999999999664 40.50000000000651
44.34999999999664 40.550000000006506
44.34999999999664 40.6000000000065
44.34999999999664 40.6500000000065
44.34999999999664 40.7000000000065
44.34999999999664 40.750000000006494
44.34999999999664 40.80000000000649
44.34999999999664 40.85000000000649
44.34999999999664 40.900000000006486
44.34999999999664 40.95000000000648
44.34999999999664 41.55000000000645
44.34999999999664 41.600000000006446
44.34999999999664 41.65000000000644
44.34999999999664 41.70000000000644
44.34999999999664 41.75000000000644
44.34999999999664 41.800000000006435
44.34999999999664 41.85000000000643
44.34999999999664 41.90000000000643
44.34999999999664 41.950000000006426
44.34999999999664 42.00000000000642
44.34999999999664 42.05000000000642
44.34999999999664 42.10000000000642
44.34999999999664 42.150000000006415
44.34999999999664 42.20000000000641
44.34999999999664 42.25000000000641
44.29999999999664 44.100000000006304
44.29999999999664 44.1500000000063
44.29999999999664 44.2000000000063
44.249999999996646 45.25000000000624
44.249999999996646 45.300000000006236
44.19999999999665 46.10000000000619
44.19999999999665 46.15000000000619
44.14999999999665 46.85000000000615
44.14999999999665 46.900000000006145
44.099999999996655 47.50000000000611
44.099999999996655 47.55000000000611
44.04999999999666 48.10000000000608
43.99999999999666 48.650000000006045
43.94999999999666 49.15000000000602
-86.05000000000022 49.60000000000599
43.899999999996666 49.60000000000599
-86.05000000000022 49.65000000000599
43.899999999996666 49.65000000000599
-86.05000000000022 49.700000000005986
-86.05000000000022 49.75000000000598
-86.05000000000022 49.80000000000598
-86.05000000000022 49.85000000000598
-86.05000000000022 49.900000000005974
-86.05000000000022 49.95000000000597
-86.05000000000022 50.00000000000597
-86.05000000000022 50.050000000005966
43.84999999999667 50.050000000005966
-86.05000000000022 50.10000000000596
-86.05000000000022 50.15000000000596
43.79999999999667 50.50000000000594
43.749999999996675 50.90000000000592
43.69999999999668 51.300000000005895
43.64999999999668 51.650000000005875
43.59999999999668 52.000000000005855
43.549999999996686 52.350000000005835
43.49999999999669 52.700000000005815
43.399999999996695 53.35000000000578
-86.00000000000023 53.45000000000577
-86.00000000000023 53.50000000000577
-86.00000000000023 53.55000000000577
-86.00000000000023 53.600000000005764
-86.00000000000023 53.65000000000576
43.3499999999967 53.65000000000576
-86.00000000000023 53.70000000000576
-86.00000000000023 53.750000000005755
-86.00000000000023 53.80000000000575
-86.00000000000023 53.85000000000575
43.2999999999967 53.950000000005744
43.2499999999967 54.25000000000573
43.14999999999671 54.800000000005696
43.049999999996714 55.350000000005664
42.99999999999672 55.60000000000565
42.94999999999672 55.850000000005636
42.89999999999672 56.10000000000562
-85.95000000000023 56.30000000000561
-85.95000000000023 56.35000000000561
42.849999999996726 56.35000000000561
-85.95000000000023 56.400000000005605
-85.95000000000023 56.4500000000056
-85.95000000000023 56.5000000000056
-85.95000000000023 56.550000000005596
-85.95000000000023 56.60000000000559
42.79999999999673 56.60000000000559
42.74999999999673 56.85000000000558
42.64999999999674 57.300000000005554
42.54999999999674 57.75000000000553
42.44999999999675 58.2000000000055
42.39999999999675 58.40000000000549
-85.90000000000023 58.65000000000548
-85.90000000000023 58.700000000005474
-85.90000000000023 58.75000000000547
-85.90000000000023 58.80000000000547
-85.90000000000023 58.850000000005465
-85.90000000000023 58.90000000000546
41.94999999999678 60.20000000000539
41.89999999999678 60.40000000000538
-85.85000000000024 60.70000000000536
-85.85000000000024 60.75000000000536
-85.85000000000024 60.800000000005355
-85.85000000000024 60.85000000000535
-85.85000000000024 60.90000000000535
41.74999999999679 60.950000000005346
41.649999999996794 61.300000000005326
41.449999999996805 62.000000000005286
41.34999999999681 62.35000000000527
-85.80000000000024 62.50000000000526
41.299999999996814 62.50000000000526
-85.80000000000024 62.550000000005255
-85.80000000000024 62.60000000000525
-85.80000000000024 62.65000000000525
41.14999999999682 63.00000000000523
41.099999999996825 63.15000000000522
40.84999999999684 63.950000000005176
-85.75000000000024 64.10000000000517
40.79999999999684 64.10000000000517
-85.75000000000024 64.15000000000516
-85.75000000000024 64.20000000000516
-85.75000000000024 64.25000000000516
40.749999999996845 64.25000000000516
40.69999999999685 64.40000000000515
40.64999999999685 64.55000000000514
40.34999999999687 65.4000000000051
40.29999999999687 65.55000000000508
-85.70000000000024 65.60000000000508
-85.70000000000024 65.65000000000508
-85.70000000000024 65.70000000000508
-85.70000000000024 65.75000000000507
40.09999999999688 66.10000000000505
39.94999999999689 66.50000000000503
39.7999999999969 66.90000000000501
-85.65000000000025 66.950000000005
-85.65000000000025 67.000000000005
-85.65000000000025 67.050000000005
-85.65000000000025 67.100000000005
39.64999999999691 67.30000000000499
39.54999999999691 67.55000000000497
39.44999999999692 67.80000000000496
39.349999999996925 68.05000000000494
-85.60000000000025 68.25000000000493
-85.60000000000025 68.30000000000493
39.24999999999693 68.30000000000493
-85.60000000000025 68.35000000000493
39.09999999999694 68.65000000000491
38.999999999996945 68.9000000000049
38.84999999999695 69.25000000000487
-85.55000000000025 69.45000000000486
-85.55000000000025 69.50000000000486
-85.55000000000025 69.55000000000486
38.649999999996965 69.70000000000485
38.49999999999697 70.05000000000483
38.449999999996976 70.15000000000482
-85.50000000000026 70.5500000000048
-85.50000000000026 70.6000000000048
38.24999999999699 70.6000000000048
-85.50000000000026 70.6500000000048
38.19999999999699 70.70000000000479
37.89999999999701 71.35000000000475
37.84999999999701 71.45000000000475
37.79999999999701 71.55000000000474
-85.45000000000026 71.65000000000474
-85.45000000000026 71.70000000000474
-85.45000000000026 71.75000000000473
-85.40000000000026 72.65000000000468
-85.40000000000026 72.70000000000468
-85.40000000000026 72.75000000000468
36.94999999999706 73.25000000000465
36.899999999997064 73.35000000000464
36.84999999999707 73.45000000000464
-85.35000000000026 73.60000000000463
-85.35000000000026 73.65000000000462
-85.35000000000026 73.70000000000462
36.49999999999709 74.1000000000046
36.44999999999709 74.2000000000046
-85.30000000000027 74.50000000000458
-85.30000000000027 74.55000000000457
-85.30000000000027 74.60000000000457
36.199999999997104 74.65000000000457
35.94999999999712 75.10000000000454
-85.25000000000027 75.40000000000452
-85.25000000000027 75.45000000000452
35.74999999999713 75.45000000000452
35.39999999999715 76.05000000000449
-85.20000000000027 76.20000000000448
-85.20000000000027 76.25000000000448
-85.20000000000027 76.30000000000447
35.24999999999716 76.30000000000447
35.099999999997166 76.55000000000446
34.949999999997175 76.80000000000445
-85.15000000000028 77.00000000000443
-85.15000000000028 77.05000000000443
-85.15000000000028 77.10000000000443
34.69999999999719 77.20000000000442
34.4499999999972 77.6000000000044
34.34999999999721 77.75000000000439
-85.10000000000028 77.80000000000439
-85.10000000000028 77.85000000000439
33.99999999999723 78.30000000000436
33.899999999997235 78.45000000000435
-85.05000000000028 78.55000000000435
-85.05000000000028 78.60000000000434
33.79999999999724 78.60000000000434
33.699999999997246 78.75000000000433
33.59999999999725 78.90000000000433
33.49999999999726 79.05000000000432
-85.00000000000028 79.2500000000043
-85.00000000000028 79.3000000000043
33.04999999999728 79.70000000000428
-84.95000000000029 79.95000000000427
-84.95000000000029 80.00000000000426
32.6999999999973 80.20000000000425
32.54999999999731 80.40000000000424
-84.90000000000029 80.60000000000423
-84.90000000000029 80.65000000000423
32.299999999997326 80.75000000000422
32.149999999997334 80.95000000000421
-84.85000000000029 81.25000000000419
-84.85000000000029 81.30000000000419
31.69999999999734 81.55000000000418
31.549999999997336 81.75000000000416
-84.8000000000003 81.85000000000416
-84.8000000000003 81.90000000000416
31.399999999997334 81.95000000000415
31.19999999999733 82.20000000000414
31.04999999999733 82.40000000000413
-84.7500000000003 82.45000000000412
-84.7500000000003 82.50000000000412
30.849999999997326 82.65000000000411
30.649999999997323 82.9000000000041
-84.7000000000003 83.05000000000409
-84.7000000000003 83.10000000000409
30.39999999999732 83.20000000000408
30.199999999997317 83.45000000000407
-84.6500000000003 83.60000000000406
-84.6500000000003 83.65000000000406
29.949999999997313 83.75000000000405
29.64999999999731 84.10000000000403
-84.6000000000003 84.15000000000403
-84.6000000000003 84.20000000000402
29.399999999997306 84.40000000000401
29.349999999997305 84.45000000000401
-84.55000000000031 84.700000000004
-84.55000000000031 84.750000000004
29.0499999999973 84.80000000000399
28.9999999999973 84.85000000000399
-84.50000000000031 85.20000000000397
-84.50000000000031 85.25000000000396
28.649999999997295 85.25000000000396
28.599999999997294 85.30000000000396
-84.45000000000032 85.70000000000394
-84.45000000000032 85.75000000000394
28.149999999997288 85.80000000000393
28.099999999997287 85.85000000000393
-84.40000000000032 86.20000000000391
-84.40000000000032 86.25000000000391
27.449999999997278 86.55000000000389
27.399999999997277 86.60000000000389
27.349999999997276 86.65000000000389
-84.35000000000032 86.70000000000388
27.299999999997276 86.70000000000388
-84.35000000000032 86.75000000000388
27.249999999997275 86.75000000000388
-84.30000000000032 87.15000000000386
-84.30000000000032 87.20000000000385
-84.25000000000033 87.60000000000383
-84.25000000000033 87.65000000000383
-84.20000000000033 88.0500000000038
-84.20000000000033 88.1000000000038
-84.15000000000033 88.50000000000378
25.49999999999725 88.50000000000378
25.44999999999725 88.55000000000378
25.39999999999725 88.60000000000377
25.349999999997248 88.65000000000377
-84.10000000000034 88.90000000000376
-84.10000000000034 88.95000000000375
-84.05000000000034 89.30000000000373
-84.05000000000034 89.35000000000373
24.599999999997237 89.35000000000373
24.549999999997237 89.40000000000373
-84.00000000000034 89.70000000000371
-84.00000000000034 89.75000000000371
24.04999999999723 89.8500000000037
23.99999999999723 89.9000000000037
-83.95000000000034 90.10000000000369
-83.95000000000034 90.15000000000369
23.549999999997222 90.30000000000368
-83.90000000000035 90.50000000000367
23.149999999997217 90.65000000000366
-83.85000000000035 90.85000000000365
-83.85000000000035 90.90000000000364
22.799999999997212 90.95000000000364
-83.80000000000035 91.25000000000362
22.449999999997207 91.25000000000362
22.149999999997203 91.50000000000361
-83.75000000000036 91.6000000000036
21.8499999999972 91.7500000000036
-83.70000000000036 91.95000000000358
21.29999999999719 92.20000000000357
-83.65000000000036 92.30000000000356
21.049999999997187 92.40000000000356
-83.60000000000036 92.60000000000355
20.799999999997183 92.60000000000355
-83.60000000000036 92.65000000000354
-83.55000000000037 92.95000000000353
20.349999999997177 92.95000000000353
-83.50000000000037 93.25000000000351
-83.50000000000037 93.30000000000351
19.89999999999717 93.30000000000351
19.699999999997168 93.4500000000035
-83.45000000000037 93.60000000000349
19.499999999997165 93.60000000000349
19.299999999997162 93.75000000000348
-83.40000000000038 93.90000000000347
19.09999999999716 93.90000000000347
18.899999999997156 94.05000000000346
-83.35000000000038 94.20000000000346
18.699999999997154 94.20000000000346
18.34999999999715 94.45000000000344
-83.30000000000038 94.50000000000344
18.149999999997146 94.60000000000343
-83.25000000000038 94.80000000000342
17.79999999999714 94.85000000000342
17.64999999999714 94.95000000000341
-83.20000000000039 95.05000000000341
-83.20000000000039 95.1000000000034
17.299999999997134 95.2000000000034
-83.15000000000039 95.35000000000339
-83.10000000000039 95.65000000000337
16.649999999997124 95.65000000000337
16.499999999997122 95.75000000000337
16.34999999999712 95.85000000000336
-83.0500000000004 95.90000000000336
16.199999999997118 95.95000000000336
-83.0000000000004 96.15000000000335
15.599999999997111 96.35000000000333
-82.9500000000004 96.40000000000333
-82.9500000000004 96.45000000000333
15.44999999999711 96.45000000000333
15.299999999997107 96.55000000000332
15.149999999997105 96.65000000000332
-82.9000000000004 96.70000000000331
-82.8500000000004 96.9500000000033
14.599999999997097 97.0000000000033
14.449999999997095 97.10000000000329
-82.80000000000041 97.20000000000329
14.04999999999709 97.35000000000328
-82.75000000000041 97.40000000000327
-82.75000000000041 97.45000000000327
13.649999999997084 97.60000000000326
-82.70000000000041 97.65000000000326
13.249999999997078 97.85000000000325
-82.65000000000042 97.90000000000325
12.999999999997074 98.00000000000324
-82.60000000000042 98.15000000000323
12.74999999999707 98.15000000000323
12.499999999997067 98.30000000000322
-82.55000000000042 98.35000000000322
12.249999999997064 98.45000000000321
-82.50000000000043 98.55000000000321
-82.50000000000043 98.6000000000032
11.99999999999706 98.6000000000032
-82.45000000000043 98.8000000000032
11.649999999997055 98.8000000000032
11.399999999997052 98.95000000000319
-82.40000000000043 99.00000000000318
11.049999999997047 99.15000000000317
-82.35000000000043 99.20000000000317
-82.35000000000043 99.25000000000317
10.699999999997042 99.35000000000316
-82.30000000000044 99.45000000000316
10.249999999997035 99.60000000000315
-82.25000000000044 99.65000000000315
-82.20000000000044 99.85000000000313
9.799999999997029 99.85000000000313
-82.15000000000045 100.05000000000312
9.349999999997022 100.10000000000312
9.249999999997021 100.15000000000312
-82.10000000000045 100.25000000000311
-82.05000000000045 100.4500000000031
8.699999999997013 100.4500000000031
8.599999999997012 100.5000000000031
-82.00000000000045 100.60000000000309
-81.95000000000046 100.80000000000308
7.949999999997004 100.85000000000308
7.849999999997005 100.90000000000308
7.749999999997005 100.95000000000307
-81.90000000000046 101.00000000000307
7.649999999997005 101.00000000000307
-81.85000000000046 101.15000000000306
-81.80000000000047 101.35000000000305
-81.75000000000047 101.55000000000304
-81.70000000000047 101.70000000000303
-81.65000000000047 101.85000000000302
-81.60000000000048 102.05000000000301
-81.55000000000048 102.200000000003
-81.50000000000048 102.35000000000299
4.749999999997016 102.45000000000299
4.649999999997016 102.50000000000298
-81.45000000000049 102.55000000000298
4.549999999997016 102.55000000000298
-81.40000000000049 102.70000000000297
-81.35000000000049 102.85000000000296
3.6999999999970195 102.95000000000296
-81.3000000000005 103.00000000000296
3.59999999999702 103.00000000000296
-81.2500000000005 103.15000000000295
3.0499999999970218 103.25000000000294
-81.2000000000005 103.30000000000294
2.949999999997022 103.30000000000294
-81.1500000000005 103.45000000000293
2.399999999997024 103.55000000000292
-81.1000000000005 103.60000000000292
-81.05000000000051 103.75000000000291
1.9499999999970252 103.75000000000291
-81.00000000000051 103.9000000000029
1.4999999999970248 103.9500000000029
-80.95000000000051 104.0500000000029
-80.90000000000052 104.15000000000289
1.0499999999970244 104.15000000000289
-80.85000000000052 104.30000000000288
0.6999999999970242 104.30000000000288
-80.80000000000052 104.45000000000287
-2.9759111841443087E-12 104.60000000000286
-80.70000000000053 104.70000000000286
-0.3500000000029759 104.75000000000286
-80.65000000000053 104.85000000000285
-0.700000000002976 104.90000000000285
-80.60000000000053 104.95000000000285
-80.55000000000054 105.10000000000284
-1.3000000000029766 105.15000000000283
-80.50000000000054 105.20000000000283
-1.5500000000029768 105.25000000000283
-80.45000000000054 105.35000000000282
-80.40000000000055 105.45000000000282
-2.1500000000029766 105.50000000000281
-80.35000000000055 105.60000000000281
-2.4000000000029758 105.60000000000281
-80.30000000000055 105.7000000000028
-2.650000000002975 105.7000000000028
-2.900000000002974 105.8000000000028
-3.150000000002973 105.90000000000279
-80.20000000000056 105.95000000000279
-80.15000000000056 106.05000000000278
-3.800000000002971 106.15000000000278
-4.05000000000297 106.25000000000277
-80.05000000000057 106.30000000000277
-4.300000000002969 106.35000000000277
-80.00000000000057 106.40000000000276
-79.95000000000057 106.50000000000276
-4.700000000002968 106.50000000000276
-79.90000000000057 106.60000000000275
-5.100000000002966 106.65000000000275
-79.85000000000058 106.70000000000275
-5.350000000002965 106.75000000000274
-5.500000000002965 106.80000000000274
-5.750000000002964 106.90000000000273
-5.900000000002963 106.95000000000273
-79.70000000000059 107.05000000000273
-6.300000000002962 107.10000000000272
-79.65000000000059 107.15000000000272
-79.60000000000059 107.25000000000271
-6.7000000000029605 107.25000000000271
-6.85000000000296 107.30000000000271
-79.5500000000006 107.35000000000271
-79.5000000000006 107.4500000000027
-7.2500000000029585 107.4500000000027
-7.400000000002958 107.5000000000027
-79.4500000000006 107.5500000000027
-7.950000000002956 107.70000000000269
-8.100000000002957 107.75000000000269
-79.25000000000061 107.90000000000268
-79.20000000000061 108.00000000000267
-8.95000000000297 108.05000000000267
-79.15000000000062 108.10000000000267
-9.100000000002971 108.10000000000267
-9.250000000002974 108.15000000000266
-79.10000000000062 108.20000000000266
-79.00000000000063 108.35000000000265
-78.95000000000063 108.45000000000265
-78.90000000000063 108.55000000000264
-78.80000000000064 108.70000000000263
-78.75000000000064 108.80000000000263
-78.65000000000065 108.95000000000262
-78.60000000000065 109.05000000000261
-78.50000000000065 109.2000000000026
-12.400000000003018 109.2000000000026
-12.55000000000302 109.2500000000026
-12.700000000003023 109.3000000000026
-78.40000000000066 109.3500000000026
-12.850000000003025 109.3500000000026
-78.30000000000067 109.50000000000259
-13.650000000003036 109.60000000000258
-78.20000000000067 109.65000000000258
-13.800000000003038 109.65000000000258
-78.10000000000068 109.80000000000257
-14.300000000003045 109.80000000000257
-14.450000000003048 109.85000000000257
-78.00000000000068 109.95000000000256
-14.950000000003055 110.00000000000256
-15.100000000003057 110.05000000000256
-77.90000000000069 110.10000000000255
-77.85000000000069 110.15000000000255
-15.600000000003064 110.20000000000255
-77.7500000000007 110.30000000000254
-77.7000000000007 110.35000000000254
-16.10000000000307 110.35000000000254
-77.6000000000007 110.50000000000253
-16.600000000003078 110.50000000000253
-77.55000000000071 110.55000000000253
-16.950000000003083 110.60000000000252
-77.45000000000071 110.70000000000252
-17.300000000003088 110.70000000000252
-77.40000000000072 110.75000000000252
-17.800000000003095 110.85000000000251
-77.25000000000072 110.9500000000025
-18.1500000000031 110.9500000000025
-77.20000000000073 111.0000000000025
-77.15000000000073 111.0500000000025
-18.500000000003105 111.0500000000025
-18.700000000003108 111.1000000000025
-19.050000000003113 111.20000000000249
-77.00000000000074 111.25000000000249
-76.95000000000074 111.30000000000248
-19.400000000003118 111.30000000000248
-76.90000000000074 111.35000000000248
-76.85000000000075 111.40000000000248
-19.950000000003126 111.45000000000248
-20.30000000000313 111.55000000000247
-20.500000000003133 111.60000000000247
-76.65000000000076 111.65000000000246
-76.60000000000076 111.70000000000246
-76.55000000000076 111.75000000000246
-21.05000000000314 111.75000000000246
-76.50000000000077 111.80000000000246
-21.250000000003144 111.80000000000246
-76.45000000000077 111.85000000000245
-76.40000000000077 111.90000000000245
-76.35000000000078 111.95000000000245
-21.800000000003152 111.95000000000245
-76.30000000000078 112.00000000000244
-22.000000000003155 112.00000000000244
-76.25000000000078 112.05000000000244
-76.20000000000078 112.10000000000244
-76.15000000000079 112.15000000000244
-76.10000000000079 112.20000000000243
-22.750000000003165 112.20000000000243
-76.0500000000008 112.25000000000243
-22.95000000000317 112.25000000000243
-76.0000000000008 112.30000000000243
-23.15000000000317 112.30000000000243
-75.9500000000008 112.35000000000242
-23.350000000003174 112.35000000000242
-75.9000000000008 112.40000000000242
-23.550000000003177 112.40000000000242
-75.8500000000008 112.45000000000242
-23.75000000000318 112.45000000000242
-75.80000000000081 112.50000000000242
-75.75000000000081 112.55000000000241
-75.70000000000081 112.60000000000241
-75.65000000000082 112.65000000000241
-24.750000000003194 112.7000000000024
-24.950000000003197 112.7500000000024
-25.1500000000032 112.8000000000024
-75.40000000000083 112.8500000000024
-25.350000000003202 112.8500000000024
-75.35000000000083 112.9000000000024
-25.550000000003205 112.9000000000024
-75.30000000000084 112.95000000000239
-25.750000000003208 112.95000000000239
-75.25000000000084 113.00000000000239
-25.95000000000321 113.00000000000239
-75.05000000000085 113.15000000000238
-26.60000000000322 113.15000000000238
-75.00000000000085 113.20000000000238
-26.800000000003223 113.20000000000238
-74.95000000000086 113.25000000000237
-27.000000000003226 113.25000000000237
-74.80000000000086 113.35000000000237
-27.450000000003232 113.35000000000237
-74.75000000000087 113.40000000000236
-27.650000000003235 113.40000000000236
-74.70000000000087 113.45000000000236
-28.10000000000324 113.50000000000236
-74.55000000000088 113.55000000000236
-28.300000000003244 113.55000000000236
-74.50000000000088 113.60000000000235
-28.75000000000325 113.65000000000235
-74.35000000000089 113.70000000000235
-29.200000000003257 113.75000000000234
-74.2000000000009 113.80000000000234
-74.1500000000009 113.85000000000234
-29.650000000003264 113.85000000000234
-74.00000000000091 113.95000000000233
-30.10000000000327 113.95000000000233
-73.85000000000092 114.05000000000233
-30.550000000003276 114.05000000000233
-30.80000000000328 114.10000000000232
-73.70000000000093 114.15000000000232
-31.250000000003286 114.20000000000232
-73.55000000000094 114.25000000000232
-31.50000000000329 114.25000000000232
-73.45000000000094 114.30000000000231
-73.40000000000094 114.35000000000231
-73.30000000000095 114.40000000000231
-32.200000000003286 114.40000000000231
-32.45000000000327 114.4500000000023
-73.15000000000096 114.5000000000023
-32.70000000000326 114.5000000000023
-73.05000000000096 114.5500000000023
-32.95000000000324 114.5500000000023
-72.95000000000097 114.6000000000023
-33.20000000000323 114.6000000000023
-72.90000000000097 114.6500000000023
-33.450000000003214 114.6500000000023
-72.80000000000098 114.70000000000229
-33.7000000000032 114.70000000000229
-72.70000000000098 114.75000000000229
-33.950000000003186 114.75000000000229
-72.60000000000099 114.80000000000229
-34.20000000000317 114.80000000000229
-34.45000000000316 114.85000000000228
-34.70000000000314 114.90000000000228
-72.350000000001 114.95000000000228
-34.95000000000313 114.95000000000228
-72.25000000000101 115.00000000000227
-35.200000000003115 115.00000000000227
-72.15000000000101 115.05000000000227
-72.05000000000102 115.10000000000227
-35.750000000003084 115.10000000000227
-71.95000000000103 115.15000000000227
-36.00000000000307 115.15000000000227
-71.85000000000103 115.20000000000226
-36.55000000000304 115.25000000000226
-71.60000000000105 115.30000000000226
-36.800000000003024 115.30000000000226
-71.50000000000105 115.35000000000225
-37.10000000000301 115.35000000000225
-71.40000000000106 115.40000000000225
-37.35000000000299 115.40000000000225
-71.30000000000106 115.45000000000225
-37.650000000002976 115.45000000000225
-71.15000000000107 115.50000000000225
-37.95000000000296 115.50000000000225
-71.05000000000108 115.55000000000224
-38.200000000002944 115.55000000000224
-70.95000000000108 115.60000000000224
-38.50000000000293 115.60000000000224
-70.80000000000109 115.65000000000224
-38.80000000000291 115.65000000000224
-70.7000000000011 115.70000000000223
-39.10000000000289 115.70000000000223
-70.5500000000011 115.75000000000223
-39.400000000002876 115.75000000000223
-70.45000000000111 115.80000000000223
-39.70000000000286 115.80000000000223
-70.30000000000112 115.85000000000223
-40.00000000000284 115.85000000000223
-70.15000000000113 115.90000000000222
-40.300000000002825 115.90000000000222
-70.05000000000113 115.95000000000222
-40.60000000000281 115.95000000000222
-69.90000000000114 116.00000000000222
-40.90000000000279 116.00000000000222
-69.75000000000115 116.05000000000221
-41.25000000000277 116.05000000000221
-69.60000000000116 116.10000000000221
-41.550000000002754 116.10000000000221
-69.45000000000117 116.15000000000221
-41.900000000002734 116.15000000000221
-41.85000000000274 116.15000000000221
-69.30000000000118 116.2000000000022
-42.20000000000272 116.2000000000022
-69.15000000000119 116.2500000000022
-69.10000000000119 116.2500000000022
-42.5500000000027 116.2500000000022
-68.9500000000012 116.3000000000022
-42.90000000000268 116.3000000000022
-42.85000000000268 116.3000000000022
-68.8000000000012 116.3500000000022
-43.25000000000266 116.3500000000022
-43.20000000000266 116.3500000000022
-68.60000000000122 116.4000000000022
-43.55000000000264 116.4000000000022
-68.45000000000122 116.45000000000219
-43.95000000000262 116.45000000000219
-43.90000000000262 116.45000000000219
-68.25000000000124 116.50000000000219
-44.3000000000026 116.50000000000219
-68.05000000000125 116.55000000000219
-44.65000000000258 116.55000000000219
-67.85000000000126 116.60000000000218
-45.050000000002555 116.60000000000218
-45.00000000000256 116.60000000000218
-67.65000000000127 116.65000000000218
-45.400000000002535 116.65000000000218
-67.45000000000128 116.70000000000218
-45.80000000000251 116.70000000000218
-67.2500000000013 116.75000000000217
-67.2000000000013 116.75000000000217
-46.20000000000249 116.75000000000217
-67.00000000000131 116.80000000000217
-46.60000000000247 116.80000000000217
-66.75000000000132 116.85000000000217
-47.05000000000244 116.85000000000217
-47.000000000002444 116.85000000000217
-66.50000000000134 116.90000000000217
-47.45000000000242 116.90000000000217
-66.25000000000135 116.95000000000216
-66.20000000000135 116.95000000000216
-47.90000000000239 116.95000000000216
-47.850000000002396 116.95000000000216
-66.00000000000136 117.00000000000216
-65.95000000000137 117.00000000000216
-48.35000000000237 117.00000000000216
-65.70000000000138 117.05000000000216
-65.65000000000138 117.05000000000216
-48.85000000000234 117.05000000000216
-48.80000000000234 117.05000000000216
-65.4000000000014 117.10000000000215
-65.3500000000014 117.10000000000215
-49.35000000000231 117.10000000000215
-49.30000000000231 117.10000000000215
-65.05000000000142 117.15000000000215
-65.00000000000142 117.15000000000215
-49.85000000000228 117.15000000000215
-49.800000000002285 117.15000000000215
-64.70000000000144 117.20000000000215
-64.65000000000144 117.20000000000215
-50.40000000000225 117.20000000000215
-50.350000000002254 117.20000000000215
-50.30000000000226 117.20000000000215
-64.35000000000146 117.25000000000215
-64.30000000000146 117.25000000000215
-64.25000000000146 117.25000000000215
-50.95000000000222 117.25000000000215
-50.90000000000222 117.25000000000215
-63.900000000001484 117.30000000000214
-63.85000000000149 117.30000000000214
-51.550000000002186 117.30000000000214
-51.50000000000219 117.30000000000214
-63.45000000000151 117.35000000000214
-63.40000000000151 117.35000000000214
-63.350000000001515 117.35000000000214
-52.20000000000215 117.35000000000214
-52.15000000000215 117.35000000000214
-52.100000000002154 117.35000000000214
-62.95000000000154 117.40000000000214
-62.90000000000154 117.40000000000214
-62.85000000000154 117.40000000000214
-52.950000000002106 117.40000000000214
-52.90000000000211 117.40000000000214
-52.85000000000211 117.40000000000214
-52.800000000002115 117.40000000000214
-62.35000000000157 117.45000000000213
-62.300000000001575 117.45000000000213
-62.25000000000158 117.45000000000213
-62.20000000000158 117.45000000000213
-53.75000000000206 117.45000000000213
-53.70000000000206 117.45000000000213
-53.650000000002066 117.45000000000213
-53.60000000000207 117.45000000000213
-61.600000000001614 117.50000000000213
-61.55000000000162 117.50000000000213
-61.50000000000162 117.50000000000213
-61.45000000000162 117.50000000000213
-54.70000000000201 117.50000000000213
-54.65000000000201 117.50000000000213
-54.60000000000201 117.50000000000213
-54.550000000002015 117.50000000000213
-54.50000000000202 117.50000000000213
-60.60000000000167 117.55000000000213
-60.550000000001674 117.55000000000213
-60.50000000000168 117.55000000000213
-60.45000000000168 117.55000000000213
-60.40000000000168 117.55000000000213
-60.350000000001685 117.55000000000213
-56.00000000000193 117.55000000000213
-55.950000000001936 117.55000000000213
-55.90000000000194 117.55000000000213
-55.85000000000194 117.55000000000213
-55.800000000001944 117.55000000000213
-55.75000000000195 117.55000000000213
-55.70000000000195 117.55000000000213
