-39.15000000000289 -49.099999999992676
-39.10000000000289 -49.099999999992676
-39.050000000002896 -49.099999999992676
-39.0000000000029 -49.099999999992676
-38.9500000000029 -49.099999999992676
-38.900000000002905 -49.099999999992676
-38.85000000000291 -49.099999999992676
-38.80000000000291 -49.099999999992676
-36.70000000000303 -49.099999999992676
-36.65000000000303 -49.099999999992676
-36.600000000003035 -49.099999999992676
-36.55000000000304 -49.099999999992676
-36.50000000000304 -49.099999999992676
-36.450000000003044 -49.099999999992676
-36.40000000000305 -49.099999999992676
-36.35000000000305 -49.099999999992676
-36.30000000000305 -49.099999999992676
-40.40000000000282 -49.04999999999268
-40.35000000000282 -49.04999999999268
-40.300000000002825 -49.04999999999268
-40.25000000000283 -49.04999999999268
-35.10000000000312 -49.04999999999268
-35.05000000000312 -49.04999999999268
-35.000000000003126 -49.04999999999268
-34.95000000000313 -49.04999999999268
-41.25000000000277 -48.99999999999268
-41.200000000002774 -48.99999999999268
-41.15000000000278 -48.99999999999268
-34.20000000000317 -48.99999999999268
-34.150000000003175 -48.99999999999268
-34.10000000000318 -48.99999999999268
-41.900000000002734 -48.949999999992684
-41.85000000000274 -48.949999999992684
-41.80000000000274 -48.949999999992684
-33.450000000003214 -48.949999999992684
-33.40000000000322 -48.949999999992684
-33.35000000000322 -48.949999999992684
-42.4500000000027 -48.89999999999269
-42.400000000002706 -48.89999999999269
-42.35000000000271 -48.89999999999269
-32.80000000000325 -48.89999999999269
-32.750000000003254 -48.89999999999269
-42.90000000000268 -48.84999999999269
-42.85000000000268 -48.84999999999269
-32.200000000003286 -48.84999999999269
-32.15000000000329 -48.84999999999269
-43.35000000000265 -48.79999999999269
-43.300000000002655 -48.79999999999269
-31.700000000003293 -48.79999999999269
-31.650000000003292 -48.79999999999269
-43.75000000000263 -48.749999999992696
-31.200000000003286 -48.749999999992696
-44.150000000002606 -48.6999999999927
-44.10000000000261 -48.6999999999927
-30.75000000000328 -48.6999999999927
-44.500000000002586 -48.6499999999927
-44.45000000000259 -48.6499999999927
-30.350000000003273 -48.6499999999927
-30.300000000003273 -48.6499999999927
-44.80000000000257 -48.599999999992704
-29.900000000003267 -48.599999999992704
-45.15000000000255 -48.54999999999271
-45.10000000000255 -48.54999999999271
-29.550000000003262 -48.54999999999271
-29.50000000000326 -48.54999999999271
-45.45000000000253 -48.49999999999271
-45.400000000002535 -48.49999999999271
-29.150000000003256 -48.49999999999271
-45.70000000000252 -48.44999999999271
-28.80000000000325 -48.44999999999271
-46.0000000000025 -48.399999999992716
-28.450000000003246 -48.399999999992716
-46.25000000000249 -48.34999999999272
-28.10000000000324 -48.34999999999272
-46.50000000000247 -48.29999999999272
-27.800000000003237 -48.29999999999272
-46.75000000000246 -48.249999999992724
-27.500000000003233 -48.249999999992724
-47.000000000002444 -48.19999999999273
-27.150000000003228 -48.19999999999273
-47.20000000000243 -48.14999999999273
-26.900000000003224 -48.14999999999273
-47.45000000000242 -48.09999999999273
-26.60000000000322 -48.09999999999273
-47.65000000000241 -48.049999999992735
-26.300000000003216 -48.049999999992735
-47.850000000002396 -47.99999999999274
-26.00000000000321 -47.99999999999274
-48.050000000002385 -47.94999999999274
-25.750000000003208 -47.94999999999274
-48.25000000000237 -47.899999999992744
-25.500000000003205 -47.899999999992744
-48.45000000000236 -47.84999999999275
-25.2000000000032 -47.84999999999275
-48.65000000000235 -47.79999999999275
-24.950000000003197 -47.79999999999275
-24.700000000003193 -47.74999999999275
-49.00000000000233 -47.699999999992755
-24.45000000000319 -47.699999999992755
-49.20000000000232 -47.64999999999276
-24.200000000003186 -47.64999999999276
-49.35000000000231 -47.59999999999276
-23.75000000000318 -47.549999999992764
-49.70000000000229 -47.49999999999277
-23.500000000003176 -47.49999999999277
-49.85000000000228 -47.44999999999277
-50.000000000002274 -47.39999999999277
-23.05000000000317 -47.39999999999277
-50.150000000002265 -47.349999999992775
-22.800000000003166 -47.349999999992775
-50.30000000000226 -47.29999999999278
-22.600000000003163 -47.29999999999278
-50.60000000000224 -47.199999999992784
-22.150000000003157 -47.199999999992784
-50.75000000000223 -47.14999999999279
-21.950000000003154 -47.14999999999279
-50.90000000000222 -47.09999999999279
-21.75000000000315 -47.09999999999279
-51.050000000002214 -47.04999999999279
-51.200000000002206 -46.999999999992795
-51.45000000000219 -46.8999999999928
-51.60000000000218 -46.849999999992804
-51.85000000000217 -46.74999999999281
-20.15000000000313 -46.69999999999281
-52.100000000002154 -46.649999999992815
-19.950000000003126 -46.649999999992815
-19.750000000003123 -46.59999999999282
-52.35000000000214 -46.54999999999282
-52.450000000002134 -46.49999999999282
-19.400000000003118 -46.49999999999282
-19.200000000003115 -46.449999999992826
-52.70000000000212 -46.39999999999283
-18.85000000000311 -46.34999999999283
-18.650000000003107 -46.299999999992835
-53.0500000000021 -46.24999999999284
-53.150000000002095 -46.19999999999284
-18.300000000003102 -46.19999999999284
-53.25000000000209 -46.14999999999284
-17.950000000003097 -46.099999999992846
-17.800000000003095 -46.04999999999285
-53.70000000000206 -45.949999999992855
-17.45000000000309 -45.949999999992855
-53.80000000000206 -45.89999999999286
-53.90000000000205 -45.84999999999286
-54.000000000002046 -45.79999999999286
-16.950000000003083 -45.79999999999286
-54.10000000000204 -45.749999999992866
-54.200000000002035 -45.69999999999287
-54.30000000000203 -45.64999999999287
-16.450000000003076 -45.64999999999287
-54.400000000002024 -45.599999999992875
-16.300000000003074 -45.599999999992875
-54.50000000000202 -45.54999999999288
-16.15000000000307 -45.54999999999288
-54.95000000000199 -45.29999999999289
-55.05000000000199 -45.249999999992895
-15.200000000003058 -45.249999999992895
-55.15000000000198 -45.1999999999929
-15.050000000003056 -45.1999999999929
-14.900000000003054 -45.1499999999929
-14.750000000003052 -45.0999999999929
-55.40000000000197 -45.049999999992906
-14.60000000000305 -45.049999999992906
-55.50000000000196 -44.99999999999291
-14.450000000003048 -44.99999999999291
-55.75000000000195 -44.84999999999292
-56.00000000000193 -44.699999999992926
-13.600000000003035 -44.699999999992926
-13.450000000003033 -44.64999999999293
-56.150000000001924 -44.59999999999293
-13.300000000003031 -44.59999999999293
-56.40000000000191 -44.44999999999294
-12.900000000003025 -44.44999999999294
-12.750000000003023 -44.39999999999294
-56.5500000000019 -44.349999999992946
-56.70000000000189 -44.24999999999295
-12.350000000003018 -44.24999999999295
-12.200000000003016 -44.199999999992954
-56.850000000001884 -44.14999999999296
-11.950000000003012 -44.09999999999296
-57.000000000001876 -44.04999999999296
-11.80000000000301 -44.04999999999296
-57.15000000000187 -43.94999999999297
-11.550000000003006 -43.94999999999297
-57.30000000000186 -43.849999999992974
-11.150000000003 -43.79999999999298
-57.50000000000185 -43.69999999999298
-10.900000000002997 -43.69999999999298
-57.65000000000184 -43.59999999999299
-10.650000000002994 -43.59999999999299
-10.40000000000299 -43.499999999992994
-57.85000000000183 -43.449999999993
-10.150000000002986 -43.399999999993
-58.050000000001816 -43.299999999993005
-9.900000000002983 -43.299999999993005
-9.65000000000298 -43.19999999999301
-58.250000000001805 -43.149999999993014
-58.3000000000018 -43.09999999999302
-9.300000000002974 -43.04999999999302
-58.50000000000179 -42.949999999993025
-9.05000000000297 -42.949999999993025
-8.700000000002966 -42.799999999993034
-58.750000000001776 -42.74999999999304
-58.80000000000177 -42.69999999999304
-8.35000000000296 -42.64999999999304
-59.05000000000176 -42.49999999999305
-8.000000000002956 -42.49999999999305
-59.10000000000176 -42.449999999993054
-7.5500000000029575 -42.29999999999306
-59.35000000000174 -42.249999999993065
-59.40000000000174 -42.19999999999307
-59.45000000000174 -42.14999999999307
-7.100000000002959 -42.099999999993074
-7.000000000002959 -42.04999999999308
-59.850000000001714 -41.79999999999309
-6.450000000002961 -41.79999999999309
-59.90000000000171 -41.74999999999309
-6.350000000002962 -41.74999999999309
-59.95000000000171 -41.699999999993096
-60.000000000001705 -41.6499999999931
-5.700000000002964 -41.44999999999311
-5.600000000002964 -41.39999999999311
-5.500000000002965 -41.349999999993116
-5.400000000002965 -41.29999999999312
-5.3000000000029655 -41.24999999999312
-61.20000000000164 -40.44999999999317
-3.700000000002971 -40.44999999999317
-61.250000000001634 -40.39999999999317
-3.6000000000029715 -40.39999999999317
-61.30000000000163 -40.34999999999317
-3.500000000002972 -40.34999999999317
-61.35000000000163 -40.299999999993176
-3.400000000002972 -40.299999999993176
-61.400000000001626 -40.24999999999318
-61.70000000000161 -39.8999999999932
-2.650000000002975 -39.8999999999932
-61.750000000001606 -39.8499999999932
-2.550000000002975 -39.8499999999932
-61.8000000000016 -39.799999999993204
-2.100000000002977 -39.599999999993216
-2.000000000002977 -39.54999999999322
-62.05000000000159 -39.49999999999322
-62.100000000001586 -39.449999999993224
-1.5500000000029768 -39.29999999999323
-62.300000000001575 -39.19999999999324
-62.35000000000157 -39.14999999999324
-1.2000000000029765 -39.099999999993244
-1.1000000000029764 -39.04999999999325
-62.55000000000156 -38.899999999993256
-0.8500000000029762 -38.899999999993256
-0.5000000000029758 -38.69999999999327
-62.75000000000155 -38.64999999999327
-0.15000000000297592 -38.49999999999328
-62.90000000000154 -38.44999999999328
-62.95000000000154 -38.399999999993284
0.0999999999970241 -38.34999999999329
-63.05000000000153 -38.24999999999329
-63.10000000000153 -38.199999999993295
0.3499999999970241 -38.199999999993295
-63.20000000000152 -38.049999999993304
0.5999999999970241 -38.049999999993304
-63.25000000000152 -37.99999999999331
-63.350000000001515 -37.849999999993315
0.9999999999970245 -37.79999999999332
-63.500000000001506 -37.64999999999333
1.2499999999970246 -37.64999999999333
1.3999999999970247 -37.54999999999333
-63.6000000000015 -37.499999999993335
1.649999999997025 -37.39999999999334
-63.75000000000149 -37.29999999999335
1.799999999997025 -37.29999999999335
-63.85000000000149 -37.149999999993355
-63.95000000000148 -36.99999999999336
2.3499999999970242 -36.949999999993366
-64.05000000000148 -36.84999999999337
2.4999999999970237 -36.84999999999337
2.649999999997023 -36.74999999999338
-64.15000000000147 -36.69999999999338
2.7999999999970226 -36.64999999999338
-64.25000000000146 -36.54999999999339
2.949999999997022 -36.54999999999339
3.0999999999970216 -36.449999999993395
-64.35000000000146 -36.3999999999934
3.249999999997021 -36.3499999999934
-64.45000000000145 -36.249999999993406
3.3999999999970205 -36.249999999993406
3.54999999999702 -36.14999999999341
3.6999999999970195 -36.04999999999342
-64.60000000000144 -35.99999999999342
-64.70000000000144 -35.84999999999343
4.199999999997018 -35.69999999999344
-64.85000000000143 -35.59999999999344
4.549999999997016 -35.44999999999345
-65.00000000000142 -35.34999999999346
4.699999999997016 -35.34999999999346
4.899999999997015 -35.199999999993466
-65.15000000000141 -35.09999999999347
-65.20000000000141 -34.99999999999348
5.249999999997014 -34.94999999999348
5.449999999997013 -34.79999999999349
-65.3500000000014 -34.74999999999349
-65.4000000000014 -34.6499999999935
5.6499999999970125 -34.6499999999935
5.849999999997012 -34.499999999993506
6.049999999997011 -34.349999999993514
-65.60000000000139 -34.29999999999352
-65.65000000000138 -34.19999999999352
6.24999999999701 -34.19999999999352
-65.70000000000138 -34.09999999999353
6.44999999999701 -34.04999999999353
6.699999999997009 -33.84999999999354
6.899999999997008 -33.69999999999355
-65.95000000000137 -33.649999999993554
-66.00000000000136 -33.54999999999356
7.149999999997007 -33.49999999999356
-66.05000000000136 -33.449999999993565
-66.10000000000136 -33.34999999999357
7.399999999997006 -33.299999999993574
-66.15000000000136 -33.24999999999358
-66.20000000000135 -33.14999999999358
7.649999999997005 -33.099999999993585
-66.25000000000135 -33.04999999999359
-66.30000000000135 -32.949999999993594
7.8999999999970045 -32.8999999999936
-66.35000000000134 -32.8499999999936
-66.40000000000134 -32.749999999993605
-66.45000000000134 -32.64999999999361
8.199999999997006 -32.64999999999361
-66.50000000000134 -32.54999999999362
-66.55000000000133 -32.44999999999362
8.49999999999701 -32.399999999993625
8.849999999997015 -32.09999999999364
-66.80000000000132 -31.899999999993643
-66.85000000000132 -31.79999999999364
9.19999999999702 -31.79999999999364
9.249999999997021 -31.74999999999364
-66.90000000000131 -31.69999999999364
9.599999999997026 -31.449999999993636
9.649999999997027 -31.399999999993636
-67.0500000000013 -31.349999999993635
-67.1000000000013 -31.249999999993634
-67.2000000000013 -30.99999999999363
10.099999999997033 -30.99999999999363
10.149999999997034 -30.94999999999363
-67.2500000000013 -30.89999999999363
-67.35000000000129 -30.649999999993625
-67.40000000000128 -30.549999999993624
10.749999999997042 -30.39999999999362
10.799999999997043 -30.34999999999362
-67.50000000000128 -30.29999999999362
10.849999999997044 -30.29999999999362
-67.60000000000127 -30.049999999993616
-67.65000000000127 -29.949999999993615
-67.70000000000127 -29.799999999993613
-67.75000000000126 -29.69999999999361
-67.80000000000126 -29.54999999999361
-67.90000000000126 -29.299999999993606
-68.00000000000125 -29.049999999993602
-68.05000000000125 -28.8999999999936
-68.15000000000124 -28.649999999993597
-68.20000000000124 -28.499999999993594
-68.30000000000123 -28.24999999999359
-68.35000000000123 -28.09999999999359
-68.40000000000123 -27.949999999993587
13.199999999997077 -27.949999999993587
13.249999999997078 -27.899999999993586
13.299999999997079 -27.849999999993585
-68.60000000000122 -27.39999999999358
13.799999999997086 -27.299999999993577
-68.65000000000121 -27.249999999993577
13.849999999997086 -27.249999999993577
-68.70000000000121 -27.099999999993575
-68.75000000000121 -26.949999999993572
-68.8000000000012 -26.79999999999357
14.249999999997092 -26.79999999999357
14.299999999997093 -26.74999999999357
-68.8500000000012 -26.649999999993568
-68.9000000000012 -26.499999999993566
14.599999999997097 -26.399999999993565
14.649999999997098 -26.349999999993564
14.899999999997101 -26.04999999999356
14.949999999997102 -25.99999999999356
-69.10000000000119 -25.849999999993557
-69.15000000000119 -25.699999999993555
15.199999999997106 -25.699999999993555
-69.20000000000118 -25.549999999993553
15.44999999999711 -25.39999999999355
-69.30000000000118 -25.199999999993548
15.699999999997113 -25.099999999993546
-69.35000000000117 -25.049999999993545
15.899999999997116 -24.849999999993543
-69.45000000000117 -24.69999999999354
16.099999999997117 -24.59999999999354
-69.55000000000116 -24.349999999993535
16.44999999999712 -24.149999999993533
-69.65000000000116 -23.99999999999353
16.599999999997124 -23.94999999999353
-69.70000000000115 -23.799999999993528
16.94999999999713 -23.499999999993523
-69.80000000000115 -23.449999999993523
-69.85000000000115 -23.24999999999352
17.349999999997134 -22.949999999993516
-69.95000000000114 -22.899999999993515
17.499999999997137 -22.749999999993513
-70.00000000000114 -22.699999999993512
-70.05000000000113 -22.49999999999351
17.74999999999714 -22.399999999993508
-70.10000000000113 -22.299999999993506
17.84999999999714 -22.249999999993506
-70.15000000000113 -22.099999999993504
-70.20000000000113 -21.8999999999935
18.099999999997145 -21.8999999999935
18.199999999997146 -21.7499999999935
-70.25000000000112 -21.699999999993498
18.299999999997148 -21.599999999993496
-70.30000000000112 -21.499999999993495
-70.40000000000111 -21.04999999999349
-70.45000000000111 -20.849999999993486
18.799999999997155 -20.849999999993486
18.899999999997156 -20.699999999993484
-70.50000000000111 -20.649999999993483
18.999999999997158 -20.54999999999348
-70.5500000000011 -20.39999999999348
-70.6000000000011 -20.199999999993477
19.24999999999716 -20.149999999993476
19.349999999997163 -19.999999999993474
-70.6500000000011 -19.949999999993473
-70.7000000000011 -19.74999999999347
19.499999999997165 -19.74999999999347
19.599999999997166 -19.599999999993468
-70.7500000000011 -19.499999999993467
19.74999999999717 -19.349999999993464
-70.80000000000109 -19.249999999993463
19.89999999999717 -19.09999999999346
20.049999999997173 -18.849999999993457
-70.90000000000109 -18.799999999993457
-70.95000000000108 -18.549999999993453
20.249999999997176 -18.499999999993452
-71.00000000000108 -18.29999999999345
20.44999999999718 -18.149999999993447
-71.05000000000108 -18.049999999993446
20.64999999999718 -17.799999999993442
-71.15000000000107 -17.499999999993438
20.899999999997185 -17.349999999993436
-71.20000000000107 -17.249999999993435
20.949999999997186 -17.249999999993435
-71.25000000000107 -16.99999999999343
-71.30000000000106 -16.699999999993427
21.29999999999719 -16.599999999993425
21.34999999999719 -16.499999999993424
21.399999999997192 -16.399999999993423
21.449999999997193 -16.29999999999342
21.499999999997193 -16.19999999999342
-71.40000000000106 -16.14999999999342
-71.45000000000105 -15.849999999993415
-71.50000000000105 -15.54999999999341
21.8499999999972 -15.49999999999341
21.8999999999972 -15.399999999993408
21.9499999999972 -15.299999999993407
-71.55000000000105 -15.249999999993406
21.9999999999972 -15.199999999993405
22.0499999999972 -15.099999999993404
22.099999999997202 -14.999999999993403
-71.60000000000105 -14.949999999993402
-71.65000000000104 -14.649999999993398
-71.70000000000104 -14.349999999993393
22.399999999997206 -14.349999999993393
-71.70000000000104 -14.299999999993393
22.449999999997207 -14.249999999993392
-71.75000000000104 -13.999999999993388
22.64999999999721 -13.799999999993386
-71.80000000000103 -13.649999999993383
-71.85000000000103 -13.34999999999338
22.849999999997213 -13.34999999999338
-71.90000000000103 -12.999999999993374
22.999999999997215 -12.999999999993374
-71.95000000000103 -12.64999999999337
23.149999999997217 -12.64999999999337
23.24999999999722 -12.399999999993366
-72.00000000000102 -12.299999999993364
-72.00000000000102 -12.249999999993364
23.34999999999722 -12.149999999993362
-72.05000000000102 -11.899999999993359
23.44999999999722 -11.899999999993359
23.549999999997222 -11.649999999993355
-72.10000000000102 -11.549999999993354
-72.10000000000102 -11.499999999993353
23.649999999997224 -11.399999999993351
-72.15000000000101 -11.149999999993348
23.799999999997226 -10.999999999993346
-72.20000000000101 -10.749999999993342
23.949999999997228 -10.59999999999334
23.99999999999723 -10.449999999993338
-72.25000000000101 -10.349999999993337
-72.25000000000101 -10.299999999993336
24.14999999999723 -10.049999999993332
-72.300000000001 -9.89999999999333
24.19999999999723 -9.89999999999333
24.249999999997232 -9.749999999993328
24.299999999997233 -9.599999999993326
-72.350000000001 -9.499999999993324
-72.350000000001 -9.449999999993324
24.349999999997234 -9.449999999993324
-72.400000000001 -9.049999999993318
-72.400000000001 -8.999999999993317
24.549999999997237 -8.849999999993315
24.599999999997237 -8.699999999993313
-72.450000000001 -8.549999999993311
24.649999999997238 -8.549999999993311
24.69999999999724 -8.399999999993309
-72.500000000001 -8.099999999993305
-72.500000000001 -8.049999999993304
24.84999999999724 -7.899999999993304
24.89999999999724 -7.749999999993305
-72.55000000000099 -7.599999999993305
-72.55000000000099 -7.549999999993306
24.999999999997243 -7.399999999993306
-72.60000000000099 -7.099999999993307
-72.60000000000099 -7.049999999993307
25.099999999997245 -7.049999999993307
25.199999999997246 -6.699999999993309
-72.65000000000099 -6.549999999993309
-72.65000000000099 -6.499999999993309
25.299999999997247 -6.34999999999331
25.349999999997248 -6.149999999993311
-72.70000000000098 -5.999999999993311
-72.70000000000098 -5.949999999993311
-72.75000000000098 -5.399999999993313
-72.75000000000098 -5.349999999993313
-72.80000000000098 -4.749999999993316
25.699999999997253 -4.749999999993316
-72.80000000000098 -4.699999999993316
25.749999999997254 -4.549999999993316
25.799999999997254 -4.349999999993317
-72.85000000000097 -4.099999999993318
25.849999999997255 -4.099999999993318
-72.85000000000097 -4.049999999993318
25.899999999997256 -3.8999999999933186
25.949999999997257 -3.6499999999933195
-72.90000000000097 -3.3999999999933204
-72.90000000000097 -3.3499999999933205
26.09999999999726 -2.949999999993322
-72.95000000000097 -2.649999999993323
-72.95000000000097 -2.599999999993323
-72.95000000000097 -2.5499999999933234
26.19999999999726 -2.399999999993324
26.24999999999726 -2.149999999993325
-73.00000000000097 -1.799999999993325
-73.00000000000097 -1.749999999993325
26.349999999997262 -1.5999999999933248
26.399999999997263 -1.2999999999933245
26.449999999997264 -0.9999999999933242
-73.05000000000096 -0.8999999999933241
-73.05000000000096 -0.8499999999933241
-73.05000000000096 -0.799999999993324
26.499999999997264 -0.6499999999933239
26.549999999997265 -0.3499999999933239
26.599999999997266 6.676090236190646E-12
-73.10000000000096 0.1500000000066761
-73.10000000000096 0.20000000000667612
-73.10000000000096 0.2500000000066761
26.649999999997267 0.3500000000066761
26.699999999997267 0.7500000000066763
26.749999999997268 1.1500000000066766
-73.15000000000096 1.3500000000066767
-73.15000000000096 1.4000000000066768
-73.15000000000096 1.4500000000066768
-73.15000000000096 1.5000000000066769
26.79999999999727 1.600000000006677
26.84999999999727 2.050000000006677
26.89999999999727 2.5500000000066754
26.89999999999727 2.600000000006675
-73.20000000000095 2.8500000000066743
-73.20000000000095 2.900000000006674
-73.20000000000095 2.950000000006674
-73.20000000000095 3.0000000000066738
-73.20000000000095 3.0500000000066736
26.94999999999727 3.1500000000066732
26.99999999999727 3.800000000006671
26.99999999999727 3.8500000000066708
27.049999999997272 4.600000000006668
27.049999999997272 4.650000000006668
27.049999999997272 4.700000000006668
-73.25000000000095 5.200000000006666
-73.25000000000095 5.250000000006666
-73.25000000000095 5.300000000006666
-73.25000000000095 5.350000000006665
-73.25000000000095 5.400000000006665
-73.25000000000095 5.450000000006665
-73.25000000000095 5.500000000006665
-73.25000000000095 5.550000000006665
-73.25000000000095 5.6000000000066645
-73.25000000000095 5.650000000006664
-73.25000000000095 5.700000000006664
27.099999999997273 5.700000000006664
-73.25000000000095 5.750000000006664
27.099999999997273 5.750000000006664
-73.25000000000095 5.800000000006664
27.099999999997273 5.800000000006664
27.099999999997273 5.850000000006664
27.099999999997273 5.9000000000066635
27.099999999997273 9.100000000006672
27.099999999997273 9.150000000006672
-73.25000000000095 9.200000000006673
27.099999999997273 9.200000000006673
-73.25000000000095 9.250000000006674
27.099999999997273 9.250000000006674
-73.25000000000095 9.300000000006674
27.099999999997273 9.300000000006674
-73.25000000000095 9.350000000006675
-73.25000000000095 9.400000000006676
-73.25000000000095 9.450000000006677
-73.25000000000095 9.500000000006677
-73.25000000000095 9.550000000006678
-73.25000000000095 9.600000000006679
-73.25000000000095 9.65000000000668
-73.25000000000095 9.70000000000668
-73.25000000000095 9.75000000000668
-73.25000000000095 9.800000000006682
27.049999999997272 10.300000000006689
27.049999999997272 10.35000000000669
27.049999999997272 10.40000000000669
26.99999999999727 11.1500000000067
26.99999999999727 11.200000000006701
26.94999999999727 11.85000000000671
-73.20000000000095 11.950000000006712
-73.20000000000095 12.000000000006713
-73.20000000000095 12.050000000006714
-73.20000000000095 12.100000000006714
-73.20000000000095 12.150000000006715
26.89999999999727 12.400000000006719
26.89999999999727 12.45000000000672
26.84999999999727 12.950000000006726
26.79999999999727 13.400000000006733
-73.15000000000096 13.500000000006734
-73.15000000000096 13.550000000006735
-73.15000000000096 13.600000000006736
-73.15000000000096 13.650000000006736
26.749999999997268 13.85000000000674
26.699999999997267 14.250000000006745
26.649999999997267 14.65000000000675
-73.10000000000096 14.750000000006752
-73.10000000000096 14.800000000006753
-73.10000000000096 14.850000000006753
26.599999999997266 15.000000000006755
26.549999999997265 15.35000000000676
26.499999999997264 15.650000000006765
-73.05000000000096 15.800000000006767
-73.05000000000096 15.850000000006768
-73.05000000000096 15.900000000006768
26.449999999997264 16.000000000006768
26.399999999997263 16.300000000006772
26.349999999997262 16.600000000006776
-73.00000000000097 16.75000000000678
-73.00000000000097 16.80000000000678
26.24999999999726 17.150000000006784
26.19999999999726 17.400000000006788
-72.95000000000097 17.55000000000679
-72.95000000000097 17.60000000000679
-72.95000000000097 17.65000000000679
26.09999999999726 17.950000000006796
-72.90000000000097 18.3500000000068
-72.90000000000097 18.400000000006802
25.949999999997257 18.650000000006806
25.899999999997256 18.90000000000681
-72.85000000000097 19.05000000000681
-72.85000000000097 19.100000000006812
25.849999999997255 19.100000000006812
25.799999999997254 19.350000000006816
25.749999999997254 19.55000000000682
-72.80000000000098 19.70000000000682
-72.80000000000098 19.75000000000682
25.699999999997253 19.75000000000682
-72.75000000000098 20.35000000000683
-72.75000000000098 20.40000000000683
-72.70000000000098 20.95000000000684
-72.70000000000098 21.00000000000684
25.349999999997248 21.15000000000684
25.299999999997247 21.350000000006844
-72.65000000000099 21.500000000006846
-72.65000000000099 21.550000000006847
25.199999999997246 21.70000000000685
-72.60000000000099 22.050000000006854
25.099999999997245 22.050000000006854
-72.60000000000099 22.100000000006855
24.999999999997243 22.40000000000686
-72.55000000000099 22.55000000000686
-72.55000000000099 22.60000000000686
24.89999999999724 22.750000000006864
24.84999999999724 22.900000000006866
-72.500000000001 23.050000000006868
-72.500000000001 23.10000000000687
24.69999999999724 23.400000000006873
-72.450000000001 23.550000000006875
24.649999999997238 23.550000000006875
24.599999999997237 23.700000000006877
24.549999999997237 23.85000000000688
-72.400000000001 24.00000000000688
-72.400000000001 24.050000000006882
-72.350000000001 24.450000000006888
24.349999999997234 24.450000000006888
-72.350000000001 24.50000000000689
24.299999999997233 24.60000000000689
24.249999999997232 24.750000000006892
-72.300000000001 24.900000000006894
24.19999999999723 24.900000000006894
24.14999999999723 25.050000000006897
-72.25000000000101 25.3000000000069
-72.25000000000101 25.3500000000069
23.99999999999723 25.450000000006902
23.949999999997228 25.600000000006904
-72.20000000000101 25.750000000006906
23.799999999997226 26.00000000000691
-72.15000000000101 26.150000000006912
23.649999999997224 26.400000000006916
-72.10000000000102 26.500000000006917
-72.10000000000102 26.550000000006918
23.549999999997222 26.65000000000692
-72.05000000000102 26.900000000006923
23.44999999999722 26.900000000006923
23.34999999999722 27.150000000006926
-72.00000000000102 27.250000000006928
-72.00000000000102 27.30000000000693
23.24999999999722 27.40000000000693
-71.95000000000103 27.650000000006933
23.149999999997217 27.650000000006933
-71.90000000000103 28.00000000000694
22.999999999997215 28.00000000000694
-71.85000000000103 28.350000000006943
22.849999999997213 28.350000000006943
-71.80000000000103 28.650000000006948
22.64999999999721 28.80000000000695
-71.75000000000104 29.000000000006953
22.449999999997207 29.250000000006956
-71.70000000000104 29.300000000006957
-71.70000000000104 29.350000000006958
22.399999999997206 29.350000000006958
-71.65000000000104 29.650000000006962
-71.60000000000105 29.950000000006966
22.099999999997202 30.000000000006967
22.0499999999972 30.10000000000697
21.9999999999972 30.20000000000697
-71.55000000000105 30.25000000000697
21.9499999999972 30.30000000000697
21.8999999999972 30.400000000006973
21.8499999999972 30.500000000006974
-71.50000000000105 30.550000000006975
-71.45000000000105 30.85000000000698
-71.40000000000106 31.150000000006983
21.499999999997193 31.200000000006984
21.449999999997193 31.300000000006985
21.399999999997192 31.400000000006987
21.34999999999719 31.500000000006988
21.29999999999719 31.60000000000699
-71.30000000000106 31.70000000000699
-71.25000000000107 32.00000000000699
-71.20000000000107 32.25000000000698
20.949999999997186 32.25000000000698
20.899999999997185 32.35000000000697
-71.15000000000107 32.50000000000696
20.64999999999718 32.800000000006946
-71.05000000000108 33.05000000000693
20.44999999999718 33.150000000006926
-71.00000000000108 33.30000000000692
20.249999999997176 33.50000000000691
-70.95000000000108 33.550000000006904
-70.90000000000109 33.80000000000689
20.049999999997173 33.85000000000689
19.89999999999717 34.10000000000687
-70.80000000000109 34.250000000006864
19.74999999999717 34.35000000000686
-70.7500000000011 34.50000000000685
19.599999999997166 34.600000000006844
-70.7000000000011 34.750000000006835
19.499999999997165 34.750000000006835
-70.6500000000011 34.950000000006824
19.349999999997163 35.00000000000682
19.24999999999716 35.15000000000681
-70.6000000000011 35.20000000000681
-70.5500000000011 35.4000000000068
18.999999999997158 35.55000000000679
-70.50000000000111 35.650000000006784
18.899999999997156 35.70000000000678
-70.45000000000111 35.85000000000677
18.799999999997155 35.85000000000677
-70.40000000000111 36.05000000000676
-70.30000000000112 36.500000000006736
18.299999999997148 36.60000000000673
-70.25000000000112 36.700000000006725
18.199999999997146 36.75000000000672
-70.20000000000113 36.90000000000671
18.099999999997145 36.90000000000671
-70.15000000000113 37.1000000000067
17.84999999999714 37.25000000000669
-70.10000000000113 37.30000000000669
17.74999999999714 37.400000000006685
-70.05000000000113 37.50000000000668
-70.00000000000114 37.70000000000667
17.499999999997137 37.750000000006665
-69.95000000000114 37.900000000006656
17.349999999997134 37.95000000000665
-69.85000000000115 38.25000000000664
-69.80000000000115 38.450000000006625
16.94999999999713 38.50000000000662
-69.70000000000115 38.800000000006605
16.599999999997124 38.9500000000066
-69.65000000000116 39.000000000006594
16.44999999999712 39.150000000006585
-69.55000000000116 39.350000000006574
16.099999999997117 39.60000000000656
-69.45000000000117 39.700000000006554
15.899999999997116 39.850000000006546
-69.35000000000117 40.050000000006534
15.699999999997113 40.10000000000653
-69.30000000000118 40.200000000006526
15.44999999999711 40.400000000006514
-69.20000000000118 40.550000000006506
-69.15000000000119 40.7000000000065
15.199999999997106 40.7000000000065
-69.10000000000119 40.85000000000649
14.949999999997102 41.00000000000648
14.899999999997101 41.05000000000648
14.649999999997098 41.35000000000646
14.599999999997097 41.40000000000646
-68.9000000000012 41.50000000000645
-68.8500000000012 41.65000000000644
14.299999999997093 41.75000000000644
-68.8000000000012 41.800000000006435
14.249999999997092 41.800000000006435
-68.75000000000121 41.950000000006426
-68.70000000000121 42.10000000000642
-68.65000000000121 42.25000000000641
13.849999999997086 42.25000000000641
13.799999999997086 42.300000000006406
-68.60000000000122 42.4000000000064
13.299999999997079 42.850000000006375
13.249999999997078 42.90000000000637
-68.40000000000123 42.95000000000637
13.199999999997077 42.95000000000637
-68.35000000000123 43.10000000000636
-68.30000000000123 43.25000000000635
-68.20000000000124 43.50000000000634
-68.15000000000124 43.65000000000633
-68.05000000000125 43.900000000006315
-68.00000000000125 44.05000000000631
-67.90000000000126 44.30000000000629
-67.80000000000126 44.55000000000628
-67.75000000000126 44.70000000000627
-67.70000000000127 44.800000000006264
-67.65000000000127 44.950000000006256
-67.60000000000127 45.05000000000625
-67.50000000000128 45.300000000006236
10.849999999997044 45.300000000006236
10.799999999997043 45.35000000000623
10.749999999997042 45.40000000000623
-67.40000000000128 45.55000000000622
-67.35000000000129 45.650000000006216
-67.2500000000013 45.9000000000062
10.149999999997034 45.9500000000062
-67.2000000000013 46.000000000006196
10.099999999997033 46.000000000006196
-67.1000000000013 46.25000000000618
-67.0500000000013 46.350000000006176
9.649999999997027 46.40000000000617
9.599999999997026 46.45000000000617
-66.90000000000131 46.700000000006156
9.249999999997021 46.75000000000615
-66.85000000000132 46.80000000000615
9.19999999999702 46.80000000000615
-66.80000000000132 46.900000000006145
8.849999999997015 47.10000000000613
8.49999999999701 47.400000000006116
-66.55000000000133 47.45000000000611
-66.50000000000134 47.55000000000611
-66.45000000000134 47.6500000000061
8.199999999997006 47.6500000000061
-66.40000000000134 47.7500000000061
-66.35000000000134 47.85000000000609
7.8999999999970045 47.90000000000609
-66.30000000000135 47.950000000006085
-66.25000000000135 48.05000000000608
7.649999999997005 48.10000000000608
-66.20000000000135 48.150000000006074
-66.15000000000136 48.25000000000607
7.399999999997006 48.300000000006065
-66.10000000000136 48.35000000000606
-66.05000000000136 48.45000000000606
7.149999999997007 48.500000000006054
-66.00000000000136 48.55000000000605
-65.95000000000137 48.650000000006045
6.899999999997008 48.70000000000604
6.699999999997009 48.850000000006034
6.44999999999701 49.05000000000602
-65.70000000000138 49.10000000000602
-65.65000000000138 49.200000000006014
6.24999999999701 49.200000000006014
-65.60000000000139 49.30000000000601
6.049999999997011 49.350000000006006
5.849999999997012 49.500000000006
-65.4000000000014 49.65000000000599
5.6499999999970125 49.65000000000599
-65.3500000000014 49.75000000000598
5.449999999997013 49.80000000000598
5.249999999997014 49.95000000000597
-65.20000000000141 50.00000000000597
-65.15000000000141 50.10000000000596
4.899999999997015 50.20000000000596
-65.00000000000142 50.35000000000595
4.699999999997016 50.35000000000595
4.549999999997016 50.45000000000594
-64.85000000000143 50.600000000005934
4.199999999997018 50.70000000000593
-64.70000000000144 50.85000000000592
-64.60000000000144 51.00000000000591
3.6999999999970195 51.05000000000591
3.54999999999702 51.1500000000059
-64.45000000000145 51.2500000000059
3.3999999999970205 51.2500000000059
3.249999999997021 51.35000000000589
-64.35000000000146 51.40000000000589
3.0999999999970216 51.450000000005886
-64.25000000000146 51.55000000000588
2.949999999997022 51.55000000000588
2.7999999999970226 51.650000000005875
-64.15000000000147 51.70000000000587
2.649999999997023 51.75000000000587
-64.05000000000148 51.85000000000586
2.4999999999970237 51.85000000000586
2.3499999999970242 51.95000000000586
-63.95000000000148 52.000000000005855
-63.85000000000149 52.150000000005846
-63.75000000000149 52.30000000000584
1.799999999997025 52.30000000000584
1.649999999997025 52.40000000000583
-63.6000000000015 52.50000000000583
1.3999999999970247 52.550000000005824
-63.500000000001506 52.65000000000582
1.2499999999970246 52.65000000000582
0.9999999999970245 52.80000000000581
-63.350000000001515 52.85000000000581
-63.25000000000152 53.0000000000058
-63.20000000000152 53.050000000005795
0.5999999999970241 53.050000000005795
-63.10000000000153 53.20000000000579
0.3499999999970241 53.20000000000579
-63.05000000000153 53.250000000005784
0.0999999999970241 53.35000000000578
-62.95000000000154 53.400000000005775
-62.90000000000154 53.45000000000577
-0.15000000000297592 53.50000000000577
-62.75000000000155 53.65000000000576
-0.5000000000029758 53.70000000000576
-62.55000000000156 53.90000000000575
-0.8500000000029762 53.90000000000575
-1.1000000000029764 54.05000000000574
-1.2000000000029765 54.100000000005736
-62.35000000000157 54.15000000000573
-62.300000000001575 54.20000000000573
-1.5500000000029768 54.300000000005724
-62.100000000001586 54.450000000005716
-62.05000000000159 54.50000000000571
-2.000000000002977 54.55000000000571
-2.100000000002977 54.60000000000571
-61.8000000000016 54.800000000005696
-61.750000000001606 54.85000000000569
-2.550000000002975 54.85000000000569
-61.70000000000161 54.90000000000569
-2.650000000002975 54.90000000000569
-61.400000000001626 55.25000000000567
-61.35000000000163 55.30000000000567
-3.400000000002972 55.30000000000567
-61.30000000000163 55.350000000005664
-3.500000000002972 55.350000000005664
-61.250000000001634 55.40000000000566
-3.6000000000029715 55.40000000000566
-61.20000000000164 55.45000000000566
-3.700000000002971 55.45000000000566
-5.3000000000029655 56.25000000000561
-5.400000000002965 56.30000000000561
-5.500000000002965 56.35000000000561
-5.600000000002964 56.400000000005605
-5.700000000002964 56.4500000000056
-60.000000000001705 56.65000000000559
-59.95000000000171 56.70000000000559
-59.90000000000171 56.750000000005585
-6.350000000002962 56.750000000005585
-59.850000000001714 56.80000000000558
-6.450000000002961 56.80000000000558
-7.000000000002959 57.05000000000557
-7.100000000002959 57.100000000005565
-59.45000000000174 57.15000000000556
-59.40000000000174 57.20000000000556
-59.35000000000174 57.250000000005556
-7.5500000000029575 57.300000000005554
-59.10000000000176 57.450000000005545
-59.05000000000176 57.50000000000554
-8.000000000002956 57.50000000000554
-8.35000000000296 57.650000000005534
-58.80000000000177 57.70000000000553
-58.750000000001776 57.75000000000553
-8.700000000002966 57.800000000005525
-58.50000000000179 57.95000000000552
-9.05000000000297 57.95000000000552
-9.300000000002974 58.05000000000551
-58.3000000000018 58.10000000000551
-58.250000000001805 58.150000000005505
-9.65000000000298 58.2000000000055
-58.050000000001816 58.3000000000055
-9.900000000002983 58.3000000000055
-10.150000000002986 58.40000000000549
-57.85000000000183 58.45000000000549
-10.40000000000299 58.500000000005485
-57.65000000000184 58.60000000000548
-10.650000000002994 58.60000000000548
-57.50000000000185 58.700000000005474
-10.900000000002997 58.700000000005474
-11.150000000003 58.80000000000547
-57.30000000000186 58.850000000005465
-57.15000000000187 58.95000000000546
-11.550000000003006 58.95000000000546
-57.000000000001876 59.050000000005454
-11.80000000000301 59.050000000005454
-11.950000000003012 59.10000000000545
-56.850000000001884 59.15000000000545
-12.200000000003016 59.200000000005446
-56.70000000000189 59.25000000000544
-12.350000000003018 59.25000000000544
-56.5500000000019 59.35000000000544
-12.750000000003023 59.400000000005434
-56.40000000000191 59.45000000000543
-12.900000000003025 59.45000000000543
-56.150000000001924 59.60000000000542
-13.300000000003031 59.60000000000542
-13.450000000003033 59.65000000000542
-56.00000000000193 59.70000000000542
-13.600000000003035 59.70000000000542
-55.75000000000195 59.85000000000541
-55.50000000000196 60.0000000000054
-14.450000000003048 60.0000000000054
-55.40000000000197 60.0500000000054
-14.60000000000305 60.0500000000054
-14.750000000003052 60.100000000005394
-14.900000000003054 60.15000000000539
-55.15000000000198 60.20000000000539
-15.050000000003056 60.20000000000539
-55.05000000000199 60.250000000005386
-15.200000000003058 60.250000000005386
-54.95000000000199 60.30000000000538
-54.50000000000202 60.55000000000537
-16.15000000000307 60.55000000000537
-54.400000000002024 60.600000000005366
-16.300000000003074 60.600000000005366
-54.30000000000203 60.65000000000536
-16.450000000003076 60.65000000000536
-54.200000000002035 60.70000000000536
-54.10000000000204 60.75000000000536
-54.000000000002046 60.800000000005355
-16.950000000003083 60.800000000005355
-53.90000000000205 60.85000000000535
-53.80000000000206 60.90000000000535
-53.70000000000206 60.950000000005346
-17.45000000000309 60.950000000005346
-17.800000000003095 61.05000000000534
-17.950000000003097 61.10000000000534
-53.25000000000209 61.150000000005335
-53.150000000002095 61.20000000000533
-18.300000000003102 61.20000000000533
-53.0500000000021 61.25000000000533
-18.650000000003107 61.300000000005326
-18.85000000000311 61.35000000000532
-52.70000000000212 61.40000000000532
-19.200000000003115 61.45000000000532
-52.450000000002134 61.500000000005315
-19.400000000003118 61.500000000005315
-52.35000000000214 61.55000000000531
-19.750000000003123 61.60000000000531
-52.100000000002154 61.650000000005306
-19.950000000003126 61.650000000005306
-20.15000000000313 61.7000000000053
-51.85000000000217 61.7500000000053
-51.60000000000218 61.850000000005295
-51.45000000000219 61.90000000000529
-51.200000000002206 62.000000000005286
-51.050000000002214 62.050000000005284
-50.90000000000222 62.10000000000528
-21.75000000000315 62.10000000000528
-50.75000000000223 62.15000000000528
-21.950000000003154 62.15000000000528
-50.60000000000224 62.200000000005275
-22.150000000003157 62.200000000005275
-50.30000000000226 62.30000000000527
-22.600000000003163 62.30000000000527
-50.150000000002265 62.35000000000527
-22.800000000003166 62.35000000000527
-50.000000000002274 62.400000000005264
-23.05000000000317 62.400000000005264
-49.85000000000228 62.45000000000526
-49.70000000000229 62.50000000000526
-23.500000000003176 62.50000000000526
-23.75000000000318 62.550000000005255
-49.35000000000231 62.60000000000525
-49.20000000000232 62.65000000000525
-24.200000000003186 62.65000000000525
-49.00000000000233 62.70000000000525
-24.45000000000319 62.70000000000525
-24.700000000003193 62.750000000005244
-48.65000000000235 62.80000000000524
-24.950000000003197 62.80000000000524
-48.45000000000236 62.85000000000524
-25.2000000000032 62.85000000000524
-48.25000000000237 62.900000000005235
-25.500000000003205 62.900000000005235
-48.050000000002385 62.95000000000523
-25.750000000003208 62.95000000000523
-47.850000000002396 63.00000000000523
-26.00000000000321 63.00000000000523
-47.65000000000241 63.05000000000523
-26.300000000003216 63.05000000000523
-47.45000000000242 63.100000000005224
-26.60000000000322 63.100000000005224
-47.20000000000243 63.15000000000522
-26.900000000003224 63.15000000000522
-47.000000000002444 63.20000000000522
-27.150000000003228 63.20000000000522
-46.75000000000246 63.250000000005215
-27.500000000003233 63.250000000005215
-46.50000000000247 63.30000000000521
-27.800000000003237 63.30000000000521
-46.25000000000249 63.35000000000521
-28.10000000000324 63.35000000000521
-46.0000000000025 63.40000000000521
-28.450000000003246 63.40000000000521
-45.70000000000252 63.450000000005204
-28.80000000000325 63.450000000005204
-45.45000000000253 63.5000000000052
-45.400000000002535 63.5000000000052
-29.150000000003256 63.5000000000052
-45.15000000000255 63.5500000000052
-45.10000000000255 63.5500000000052
-29.550000000003262 63.5500000000052
-29.50000000000326 63.5500000000052
-44.80000000000257 63.600000000005195
-29.900000000003267 63.600000000005195
-44.500000000002586 63.65000000000519
-44.45000000000259 63.65000000000519
-30.350000000003273 63.65000000000519
-30.300000000003273 63.65000000000519
-44.150000000002606 63.70000000000519
-44.10000000000261 63.70000000000519
-30.75000000000328 63.70000000000519
-43.75000000000263 63.75000000000519
-31.200000000003286 63.75000000000519
-43.35000000000265 63.800000000005184
-43.300000000002655 63.800000000005184
-31.700000000003293 63.800000000005184
-31.650000000003292 63.800000000005184
-42.90000000000268 63.85000000000518
-42.85000000000268 63.85000000000518
-32.200000000003286 63.85000000000518
-32.15000000000329 63.85000000000518
-42.4500000000027 63.90000000000518
-42.400000000002706 63.90000000000518
-42.35000000000271 63.90000000000518
-32.80000000000325 63.90000000000518
-32.750000000003254 63.90000000000518
-41.900000000002734 63.950000000005176
-41.85000000000274 63.950000000005176
-41.80000000000274 63.950000000005176
-33.450000000003214 63.950000000005176
-33.40000000000322 63.950000000005176
-33.35000000000322 63.950000000005176
-41.25000000000277 64.00000000000517
-41.200000000002774 64.00000000000517
-41.15000000000278 64.00000000000517
-34.20000000000317 64.00000000000517
-34.150000000003175 64.00000000000517
-34.10000000000318 64.00000000000517
-40.40000000000282 64.05000000000517
-40.35000000000282 64.05000000000517
-40.300000000002825 64.05000000000517
-40.25000000000283 64.05000000000517
-35.10000000000312 64.05000000000517
-35.05000000000312 64.05000000000517
-35.000000000003126 64.05000000000517
-34.95000000000313 64.05000000000517
-39.15000000000289 64.10000000000517
-39.10000000000289 64.10000000000517
-39.050000000002896 64.10000000000517
-39.0000000000029 64.10000000000517
-38.9500000000029 64.10000000000517
-38.900000000002905 64.10000000000517
-38.85000000000291 64.10000000000517
-38.80000000000291 64.10000000000517
-36.70000000000303 64.10000000000517
-36.65000000000303 64.10000000000517
-36.600000000003035 64.10000000000517
-36.55000000000304 64.10000000000517
-36.50000000000304 64.10000000000517
-36.450000000003044 64.10000000000517
-36.40000000000305 64.10000000000517
-36.35000000000305 64.10000000000517
-36.30000000000305 64.10000000000517
