-57.85000000000552 -30.80000000000328
-57.85000000000552 -30.75000000000328
-57.85000000000552 -30.70000000000328
-57.85000000000552 -30.650000000003278
-57.85000000000552 -30.600000000003277
-57.85000000000552 -27.30000000000323
-57.85000000000552 -27.25000000000323
-57.85000000000552 -27.20000000000323
-57.85000000000552 -27.150000000003228
-57.90000000000552 -31.650000000003292
-57.90000000000552 -31.60000000000329
-57.90000000000552 -31.55000000000329
-57.90000000000552 -26.350000000003217
-57.90000000000552 -26.300000000003216
-57.90000000000552 -26.250000000003215
-57.95000000000552 -32.25000000000328
-57.95000000000552 -32.200000000003286
-57.95000000000552 -25.650000000003207
-57.95000000000552 -25.600000000003206
-58.000000000005514 -32.80000000000325
-58.000000000005514 -32.750000000003254
-58.000000000005514 -25.1000000000032
-58.000000000005514 -25.050000000003198
-58.05000000000551 -33.250000000003226
-58.05000000000551 -33.20000000000323
-58.05000000000551 -24.60000000000319
-58.05000000000551 -24.55000000000319
-58.10000000000551 -33.6500000000032
-58.10000000000551 -33.600000000003206
-58.10000000000551 -24.150000000003185
-58.10000000000551 -24.100000000003185
-58.150000000005505 -34.00000000000318
-58.150000000005505 -23.70000000000318
-58.2000000000055 -34.35000000000316
-58.2000000000055 -23.350000000003174
-58.2000000000055 -23.300000000003173
-58.2500000000055 -34.70000000000314
-58.2500000000055 -34.650000000003146
-58.2500000000055 -22.95000000000317
-58.3000000000055 -35.000000000003126
-58.3000000000055 -34.95000000000313
-58.3000000000055 -22.650000000003164
-58.3000000000055 -22.600000000003163
-58.350000000005494 -35.25000000000311
-58.350000000005494 -22.30000000000316
-58.40000000000549 -35.550000000003095
-58.40000000000549 -22.000000000003155
-58.45000000000549 -35.80000000000308
-58.45000000000549 -21.70000000000315
-58.500000000005485 -36.05000000000307
-58.500000000005485 -21.400000000003146
-58.55000000000548 -36.30000000000305
-58.55000000000548 -21.150000000003143
-58.60000000000548 -36.50000000000304
-58.60000000000548 -20.85000000000314
-58.65000000000548 -36.75000000000303
-58.65000000000548 -20.600000000003135
-58.700000000005474 -36.950000000003016
-58.700000000005474 -20.35000000000313
-58.75000000000547 -37.150000000003004
-58.75000000000547 -20.100000000003128
-58.80000000000547 -37.35000000000299
-58.80000000000547 -19.850000000003124
-58.850000000005465 -37.55000000000298
-58.850000000005465 -19.65000000000312
-58.90000000000546 -37.75000000000297
-58.90000000000546 -19.400000000003118
-58.95000000000546 -37.95000000000296
-58.95000000000546 -19.200000000003115
-59.00000000000546 -38.10000000000295
-59.00000000000546 -18.95000000000311
-59.050000000005454 -38.30000000000294
-59.050000000005454 -18.75000000000311
-59.10000000000545 -38.45000000000293
-59.10000000000545 -18.550000000003106
-59.15000000000545 -38.65000000000292
-59.15000000000545 -18.350000000003103
-59.200000000005446 -38.80000000000291
-59.200000000005446 -18.1500000000031
-59.25000000000544 -38.9500000000029
-59.25000000000544 -17.950000000003097
-59.30000000000544 -17.750000000003094
-59.35000000000544 -17.55000000000309
-59.45000000000543 -17.200000000003087
-59.50000000000543 -17.000000000003084
-59.60000000000542 -40.00000000000284
-59.60000000000542 -16.65000000000308
-59.65000000000542 -40.150000000002834
-59.70000000000542 -40.300000000002825
-59.70000000000542 -16.300000000003074
-59.80000000000541 -40.55000000000281
-59.80000000000541 -15.950000000003069
-59.85000000000541 -40.7000000000028
-59.85000000000541 -15.800000000003067
-59.900000000005406 -40.8000000000028
-59.9500000000054 -40.95000000000279
-60.0000000000054 -41.05000000000278
-60.0000000000054 -15.30000000000306
-60.0500000000054 -41.200000000002774
-60.0500000000054 -15.150000000003057
-60.100000000005394 -41.30000000000277
-60.100000000005394 -15.000000000003055
-60.15000000000539 -14.850000000003053
-60.20000000000539 -41.550000000002754
-60.20000000000539 -14.700000000003051
-60.250000000005386 -41.65000000000275
-60.250000000005386 -14.550000000003049
-60.30000000000538 -14.400000000003047
-60.35000000000538 -41.900000000002734
-60.35000000000538 -14.250000000003045
-60.40000000000538 -42.00000000000273
-60.40000000000538 -14.100000000003043
-60.450000000005375 -13.95000000000304
-60.50000000000537 -13.800000000003038
-60.600000000005366 -42.4500000000027
-60.65000000000536 -42.5500000000027
-60.65000000000536 -13.400000000003033
-60.70000000000536 -42.65000000000269
-60.70000000000536 -13.25000000000303
-60.75000000000536 -42.750000000002686
-60.75000000000536 -13.100000000003028
-60.800000000005355 -42.85000000000268
-60.85000000000535 -42.950000000002674
-60.85000000000535 -12.850000000003025
-60.90000000000535 -43.05000000000267
-60.90000000000535 -12.700000000003023
-60.950000000005346 -43.15000000000266
-61.00000000000534 -43.25000000000266
-61.00000000000534 -12.450000000003019
-61.05000000000534 -43.35000000000265
-61.10000000000534 -43.450000000002646
-61.10000000000534 -12.200000000003016
-61.150000000005335 -43.55000000000264
-61.150000000005335 -12.050000000003013
-61.25000000000533 -11.80000000000301
-61.35000000000532 -43.90000000000262
-61.35000000000532 -11.550000000003006
-61.40000000000532 -44.000000000002615
-61.45000000000532 -44.10000000000261
-61.500000000005315 -11.200000000003001
-61.60000000000531 -44.350000000002595
-61.60000000000531 -10.950000000002998
-61.650000000005306 -44.45000000000259
-61.7500000000053 -44.60000000000258
-61.7500000000053 -10.600000000002993
-61.8000000000053 -44.700000000002575
-61.90000000000529 -44.85000000000257
-61.90000000000529 -10.250000000002988
-61.95000000000529 -44.95000000000256
-61.95000000000529 -10.150000000002986
-62.050000000005284 -45.10000000000255
-62.10000000000528 -9.800000000002981
-62.15000000000528 -45.250000000002544
-62.15000000000528 -9.70000000000298
-62.200000000005275 -45.35000000000254
-62.30000000000527 -45.50000000000253
-62.35000000000527 -9.250000000002974
-62.400000000005264 -45.65000000000252
-62.400000000005264 -9.150000000002972
-62.45000000000526 -9.05000000000297
-62.50000000000526 -45.80000000000251
-62.50000000000526 -8.95000000000297
-62.60000000000525 -45.950000000002504
-62.70000000000525 -46.100000000002495
-62.85000000000524 -46.300000000002484
-62.95000000000523 -46.450000000002476
-63.100000000005224 -46.650000000002464
-63.250000000005215 -46.85000000000245
-63.40000000000521 -47.05000000000244
-63.450000000005204 -7.050000000002959
-63.5000000000052 -6.95000000000296
-63.5500000000052 -47.25000000000243
-63.5500000000052 -6.85000000000296
-63.600000000005195 -6.75000000000296
-63.75000000000519 -47.500000000002416
-63.85000000000518 -6.300000000002962
-63.90000000000518 -6.200000000002962
-63.950000000005176 -47.7500000000024
-64.00000000000517 -47.8000000000024
-64.10000000000517 -5.8500000000029635
-64.20000000000516 -48.050000000002385
-64.25000000000516 -48.10000000000238
-64.30000000000516 -5.500000000002965
-64.50000000000514 -48.400000000002365
-64.50000000000514 -5.150000000002966
-64.55000000000514 -48.45000000000236
-64.60000000000514 -48.50000000000236
-64.65000000000514 -4.900000000002967
-64.80000000000513 -4.650000000002968
-64.95000000000512 -48.900000000002336
-64.95000000000512 -4.400000000002969
-65.00000000000512 -48.95000000000233
-65.05000000000511 -49.00000000000233
-65.10000000000511 -49.05000000000233
-65.15000000000511 -49.100000000002325
-65.2000000000051 -49.15000000000232
-65.2000000000051 -4.00000000000297
-65.45000000000509 -3.6000000000029715
-65.55000000000508 -3.450000000002972
-65.65000000000508 -3.3000000000029726
-66.10000000000505 -50.05000000000227
-66.15000000000505 -50.10000000000227
-66.20000000000505 -50.150000000002265
-66.25000000000504 -50.20000000000226
-66.25000000000504 -2.4000000000029758
-66.30000000000504 -50.25000000000226
-66.35000000000504 -2.2500000000029763
-66.45000000000503 -2.100000000002977
-66.70000000000502 -1.750000000002977
-66.75000000000502 -50.65000000000224
-66.80000000000501 -50.700000000002234
-66.80000000000501 -1.6000000000029768
-66.85000000000501 -50.75000000000223
-66.950000000005 -1.4000000000029766
-67.150000000005 -51.00000000000222
-67.20000000000499 -51.050000000002214
-67.20000000000499 -1.0500000000029763
-67.35000000000498 -0.8500000000029762
-67.50000000000497 -51.3000000000022
-67.50000000000497 -0.650000000002976
-67.65000000000497 -0.45000000000297585
-67.75000000000496 -51.50000000000219
-67.80000000000496 -51.550000000002186
-67.85000000000495 -0.2000000000029759
-68.00000000000495 -51.70000000000218
-68.00000000000495 -2.9759111841443087E-12
-68.05000000000494 -51.750000000002174
-68.20000000000493 0.2499999999970241
-68.25000000000493 -51.900000000002166
-68.40000000000492 0.49999999999702405
-68.45000000000492 -52.05000000000216
-68.60000000000491 0.7499999999970243
-68.65000000000491 -52.20000000000215
-68.8500000000049 -52.35000000000214
-68.8500000000049 1.0499999999970244
-69.05000000000489 -52.50000000000213
-69.10000000000488 1.3499999999970247
-69.20000000000488 -52.600000000002126
-69.40000000000487 -52.75000000000212
-69.40000000000487 1.699999999997025
-69.45000000000486 1.749999999997025
-69.55000000000486 -52.85000000000211
-69.70000000000485 -52.950000000002106
-69.75000000000485 2.099999999997025
-69.80000000000484 2.149999999997025
-69.85000000000484 -53.0500000000021
-70.00000000000483 -53.150000000002095
-70.15000000000482 -53.25000000000209
-70.20000000000482 2.5999999999970234
-70.25000000000482 2.649999999997023
-70.30000000000481 -53.35000000000208
-70.30000000000481 2.699999999997023
-70.4500000000048 -53.45000000000208
-70.6000000000048 -53.55000000000207
-70.85000000000478 -53.70000000000206
-70.90000000000478 3.3499999999970207
-70.95000000000478 3.3999999999970205
-71.00000000000477 3.4499999999970203
-71.05000000000477 3.49999999999702
-71.10000000000477 -53.850000000002055
-71.10000000000477 3.54999999999702
-71.15000000000477 3.59999999999702
-71.20000000000476 3.6499999999970196
-71.25000000000476 -53.95000000000205
-71.25000000000476 3.6999999999970195
-71.30000000000476 3.7499999999970193
-71.35000000000475 -54.000000000002046
-71.35000000000475 3.799999999997019
-71.40000000000475 3.849999999997019
-71.45000000000475 3.8999999999970187
-71.50000000000475 3.9499999999970186
-71.55000000000474 3.9999999999970184
-71.60000000000474 -54.15000000000204
-71.60000000000474 4.049999999997018
-71.65000000000474 4.099999999997018
-71.70000000000474 4.149999999997018
-71.75000000000473 4.199999999997018
-71.80000000000473 4.2499999999970175
-71.85000000000473 -54.30000000000203
-71.85000000000473 4.299999999997017
-71.90000000000472 4.349999999997017
-71.95000000000472 -54.35000000000203
-71.95000000000472 4.399999999997017
-72.00000000000472 4.449999999997017
-72.05000000000472 4.499999999997017
-72.10000000000471 4.549999999997016
-72.2000000000047 -54.50000000000202
-72.3000000000047 -54.550000000002015
-72.4000000000047 -54.60000000000201
-72.75000000000468 -54.800000000002
-72.80000000000467 5.199999999997014
-72.85000000000467 -54.850000000002
-72.85000000000467 5.249999999997014
-72.90000000000467 5.299999999997014
-72.95000000000466 -54.900000000001995
-73.05000000000466 -54.95000000000199
-73.15000000000465 -55.00000000000199
-73.25000000000465 -55.05000000000199
-73.30000000000464 5.6499999999970125
-73.35000000000464 5.699999999997012
-73.40000000000464 5.749999999997012
-73.75000000000462 6.049999999997011
-73.95000000000461 -55.40000000000197
-74.0500000000046 -55.450000000001964
-74.1000000000046 6.34999999999701
-74.1500000000046 -55.50000000000196
-74.25000000000459 -55.55000000000196
-74.35000000000458 -55.600000000001955
-74.40000000000458 6.599999999997009
-74.45000000000458 -55.65000000000195
-74.65000000000457 6.799999999997008
-74.70000000000456 6.849999999997008
-74.90000000000455 -55.85000000000194
-74.95000000000455 7.0499999999970075
-75.00000000000455 -55.90000000000194
-75.20000000000454 7.249999999997007
-75.35000000000453 -56.05000000000193
-75.40000000000452 7.399999999997006
-75.45000000000452 -56.10000000000193
-75.65000000000451 7.599999999997006
-75.70000000000451 -56.20000000000192
-75.8000000000045 -56.25000000000192
-75.8500000000045 7.749999999997005
-76.05000000000449 -56.35000000000191
-76.05000000000449 7.8999999999970045
-76.15000000000448 -56.40000000000191
-76.25000000000448 8.049999999997004
-76.40000000000447 -56.500000000001904
-76.60000000000446 8.299999999997008
-76.65000000000445 -56.6000000000019
-76.90000000000444 -56.70000000000189
-76.95000000000444 8.549999999997011
-77.05000000000443 -56.75000000000189
-77.10000000000443 8.649999999997013
-77.30000000000442 -56.850000000001884
-77.45000000000441 8.899999999997016
-77.5500000000044 -56.95000000000188
-77.6000000000044 8.999999999997017
-77.7000000000044 -57.000000000001876
-77.75000000000439 9.099999999997019
-77.90000000000438 9.19999999999702
-78.05000000000437 9.299999999997022
-78.10000000000437 -57.15000000000187
-78.20000000000437 9.399999999997023
-78.25000000000436 -57.200000000001864
-78.40000000000435 -57.25000000000186
-78.60000000000434 9.649999999997027
-78.75000000000433 9.749999999997028
-79.00000000000432 9.89999999999703
-79.2500000000043 10.049999999997032
-79.50000000000429 10.199999999997035
-79.75000000000428 10.349999999997037
-79.90000000000427 -57.75000000000183
-80.00000000000426 10.499999999997039
-80.05000000000426 -57.80000000000183
-80.10000000000426 10.54999999999704
-80.20000000000425 -57.85000000000183
-80.35000000000424 10.699999999997042
-80.45000000000424 10.749999999997042
-80.55000000000423 -57.95000000000182
-80.70000000000422 -58.00000000000182
-80.80000000000422 10.949999999997045
-80.90000000000421 10.999999999997046
-81.0000000000042 11.049999999997047
-81.0500000000042 -58.10000000000181
-81.40000000000418 -58.20000000000181
-81.65000000000417 11.399999999997052
-81.75000000000416 -58.3000000000018
-81.75000000000416 11.449999999997052
-81.85000000000416 11.499999999997053
-81.95000000000415 -58.3500000000018
-81.95000000000415 11.549999999997054
-82.05000000000415 11.599999999997054
-82.15000000000414 -58.400000000001796
-82.15000000000414 11.649999999997055
-82.25000000000414 11.699999999997056
-82.35000000000413 11.749999999997057
-82.45000000000412 11.799999999997057
-82.50000000000412 -58.50000000000179
-82.55000000000412 11.849999999997058
-82.70000000000411 -58.55000000000179
-82.9000000000041 -58.600000000001785
-83.10000000000409 -58.65000000000178
-83.20000000000408 12.149999999997062
-83.30000000000408 -58.70000000000178
-83.30000000000408 12.199999999997063
-83.50000000000406 -58.750000000001776
-83.75000000000405 -58.80000000000177
-83.75000000000405 12.399999999997066
-83.95000000000404 -58.85000000000177
-84.10000000000403 12.549999999997068
-84.15000000000403 -58.90000000000177
-84.20000000000402 12.599999999997069
-84.40000000000401 -58.950000000001765
-84.45000000000401 12.69999999999707
-84.600000000004 -59.00000000000176
-84.700000000004 12.799999999997071
-84.80000000000399 12.849999999997072
-84.85000000000399 -59.05000000000176
-85.05000000000398 12.949999999997074
-85.10000000000397 -59.10000000000176
-85.30000000000396 -59.150000000001754
-85.30000000000396 13.049999999997075
-85.45000000000395 13.099999999997076
-85.55000000000395 -59.20000000000175
-85.70000000000394 13.199999999997077
-85.80000000000393 -59.25000000000175
-86.05000000000392 -59.300000000001745
-86.10000000000392 13.34999999999708
-86.25000000000391 13.39999999999708
-86.3500000000039 -59.35000000000174
-86.60000000000389 -59.40000000000174
-86.65000000000389 13.549999999997082
-86.80000000000388 13.599999999997083
-86.85000000000387 -59.45000000000174
-86.90000000000387 -59.45000000000174
-86.95000000000387 13.649999999997084
-87.10000000000386 13.699999999997084
-87.15000000000386 -59.500000000001734
-87.25000000000385 13.749999999997085
-87.40000000000384 13.799999999997086
-87.45000000000384 -59.55000000000173
-87.55000000000383 13.849999999997086
-87.70000000000383 13.899999999997087
-87.75000000000382 -59.60000000000173
-87.85000000000382 13.949999999997088
-88.0500000000038 -59.650000000001725
-88.2000000000038 14.04999999999709
-88.35000000000379 -59.70000000000172
-88.35000000000379 14.09999999999709
-88.70000000000377 -59.75000000000172
-88.70000000000377 14.199999999997091
-88.85000000000376 14.249999999997092
-89.00000000000375 -59.80000000000172
-89.05000000000375 -59.80000000000172
-89.05000000000375 14.299999999997093
-89.35000000000373 -59.850000000001714
-89.40000000000373 -59.850000000001714
-89.40000000000373 14.399999999997094
-89.60000000000372 14.449999999997095
-89.75000000000371 -59.90000000000171
-90.10000000000369 -59.95000000000171
-90.15000000000369 -59.95000000000171
-90.50000000000367 -60.000000000001705
-90.55000000000366 -60.000000000001705
-90.60000000000366 14.699999999997098
-90.80000000000365 14.7499999999971
-90.90000000000364 -60.0500000000017
-90.95000000000364 -60.0500000000017
-91.00000000000364 14.7999999999971
-91.25000000000362 14.8499999999971
-91.35000000000362 -60.1000000000017
-91.40000000000362 -60.1000000000017
-91.7000000000036 14.949999999997102
-91.80000000000359 -60.1500000000017
-91.85000000000359 -60.1500000000017
-91.95000000000358 14.999999999997103
-92.20000000000357 15.049999999997103
-92.30000000000356 -60.200000000001694
-92.35000000000356 -60.200000000001694
-92.45000000000356 15.099999999997104
-92.50000000000355 15.099999999997104
-92.75000000000354 15.149999999997105
-92.80000000000354 -60.25000000000169
-92.85000000000353 -60.25000000000169
-92.90000000000353 -60.25000000000169
-93.05000000000352 15.199999999997106
-93.3500000000035 15.249999999997106
-93.4000000000035 -60.30000000000169
-93.4500000000035 -60.30000000000169
-93.65000000000349 15.299999999997107
-93.95000000000347 15.349999999997108
-94.00000000000347 -60.350000000001685
-94.00000000000347 15.349999999997108
-94.05000000000346 -60.350000000001685
-94.10000000000346 -60.350000000001685
-94.30000000000345 15.399999999997108
-94.35000000000345 15.399999999997108
-94.70000000000343 15.44999999999711
-94.75000000000342 -60.40000000000168
-94.80000000000342 -60.40000000000168
-94.85000000000342 -60.40000000000168
-95.1000000000034 15.49999999999711
-95.1500000000034 15.49999999999711
-95.55000000000338 -60.45000000000168
-95.55000000000338 15.54999999999711
-95.60000000000338 -60.45000000000168
-95.60000000000338 15.54999999999711
-95.65000000000337 -60.45000000000168
-95.70000000000337 -60.45000000000168
-96.05000000000335 15.599999999997111
-96.10000000000335 15.599999999997111
-96.60000000000332 -60.50000000000168
-96.60000000000332 15.649999999997112
-96.65000000000332 -60.50000000000168
-96.65000000000332 15.649999999997112
-96.70000000000331 -60.50000000000168
-96.70000000000331 15.649999999997112
-96.75000000000331 -60.50000000000168
-96.80000000000331 -60.50000000000168
-97.30000000000328 15.699999999997113
-97.35000000000328 15.699999999997113
-97.40000000000327 15.699999999997113
-98.30000000000322 -60.550000000001674
-98.35000000000322 -60.550000000001674
-98.35000000000322 15.749999999997113
-98.40000000000322 -60.550000000001674
-98.40000000000322 15.749999999997113
-98.45000000000321 -60.550000000001674
-98.45000000000321 15.749999999997113
-98.50000000000321 -60.550000000001674
-98.50000000000321 15.749999999997113
-98.55000000000321 -60.550000000001674
-98.55000000000321 15.749999999997113
-98.6000000000032 -60.550000000001674
-98.6500000000032 -60.550000000001674
-98.7000000000032 -60.550000000001674
-98.7500000000032 -60.550000000001674
-98.8000000000032 -60.550000000001674
-98.85000000000319 -60.550000000001674
-100.65000000000309 -60.550000000001674
-100.70000000000309 -60.550000000001674
-100.75000000000308 -60.550000000001674
-100.80000000000308 -60.550000000001674
-100.85000000000308 -60.550000000001674
-100.90000000000308 -60.550000000001674
-100.95000000000307 -60.550000000001674
-100.95000000000307 15.749999999997113
-101.00000000000307 -60.550000000001674
-101.00000000000307 15.749999999997113
-101.05000000000307 -60.550000000001674
-101.05000000000307 15.749999999997113
-101.10000000000306 -60.550000000001674
-101.10000000000306 15.749999999997113
-101.15000000000306 -60.550000000001674
-101.15000000000306 15.749999999997113
-101.20000000000306 -60.550000000001674
-102.100000000003 15.699999999997113
-102.150000000003 15.699999999997113
-102.200000000003 15.699999999997113
-102.70000000000297 -60.50000000000168
-102.75000000000297 -60.50000000000168
-102.80000000000297 -60.50000000000168
-102.80000000000297 15.649999999997112
-102.85000000000296 -60.50000000000168
-102.85000000000296 15.649999999997112
-102.90000000000296 -60.50000000000168
-102.90000000000296 15.649999999997112
-103.40000000000293 15.599999999997111
-103.45000000000293 15.599999999997111
-103.80000000000291 -60.45000000000168
-103.85000000000291 -60.45000000000168
-103.9000000000029 -60.45000000000168
-103.9000000000029 15.54999999999711
-103.9500000000029 -60.45000000000168
-103.9500000000029 15.54999999999711
-104.35000000000288 15.49999999999711
-104.40000000000288 15.49999999999711
-104.65000000000286 -60.40000000000168
-104.70000000000286 -60.40000000000168
-104.75000000000286 -60.40000000000168
-104.80000000000285 15.44999999999711
-105.15000000000283 15.399999999997108
-105.20000000000283 15.399999999997108
-105.40000000000282 -60.350000000001685
-105.45000000000282 -60.350000000001685
-105.50000000000281 -60.350000000001685
-105.50000000000281 15.349999999997108
-105.55000000000281 15.349999999997108
-105.8500000000028 15.299999999997107
-106.05000000000278 -60.30000000000169
-106.10000000000278 -60.30000000000169
-106.15000000000278 15.249999999997106
-106.45000000000276 15.199999999997106
-106.60000000000275 -60.25000000000169
-106.65000000000275 -60.25000000000169
-106.70000000000275 -60.25000000000169
-106.75000000000274 15.149999999997105
-107.00000000000273 15.099999999997104
-107.05000000000273 15.099999999997104
-107.15000000000272 -60.200000000001694
-107.20000000000272 -60.200000000001694
-107.30000000000271 15.049999999997103
-107.5500000000027 14.999999999997103
-107.65000000000269 -60.1500000000017
-107.70000000000269 -60.1500000000017
-107.80000000000268 14.949999999997102
-108.10000000000267 -60.1000000000017
-108.15000000000266 -60.1000000000017
-108.25000000000266 14.8499999999971
-108.50000000000264 14.7999999999971
-108.55000000000264 -60.0500000000017
-108.60000000000264 -60.0500000000017
-108.70000000000263 14.7499999999971
-108.90000000000262 14.699999999997098
-108.95000000000262 -60.000000000001705
-109.00000000000261 -60.000000000001705
-109.3500000000026 -59.95000000000171
-109.40000000000259 -59.95000000000171
-109.75000000000257 -59.90000000000171
-109.90000000000256 14.449999999997095
-110.10000000000255 -59.850000000001714
-110.10000000000255 14.399999999997094
-110.15000000000255 -59.850000000001714
-110.45000000000253 -59.80000000000172
-110.45000000000253 14.299999999997093
-110.50000000000253 -59.80000000000172
-110.65000000000252 14.249999999997092
-110.80000000000251 -59.75000000000172
-110.80000000000251 14.199999999997091
-111.15000000000249 -59.70000000000172
-111.15000000000249 14.09999999999709
-111.30000000000248 14.04999999999709
-111.45000000000248 -59.650000000001725
-111.65000000000246 13.949999999997088
-111.75000000000246 -59.60000000000173
-111.80000000000246 13.899999999997087
-111.95000000000245 13.849999999997086
-112.05000000000244 -59.55000000000173
-112.10000000000244 13.799999999997086
-112.25000000000243 13.749999999997085
-112.35000000000242 -59.500000000001734
-112.40000000000242 13.699999999997084
-112.55000000000241 13.649999999997084
-112.60000000000241 -59.45000000000174
-112.65000000000241 -59.45000000000174
-112.7000000000024 13.599999999997083
-112.8500000000024 13.549999999997082
-112.9000000000024 -59.40000000000174
-113.15000000000238 -59.35000000000174
-113.25000000000237 13.39999999999708
-113.40000000000236 13.34999999999708
-113.45000000000236 -59.300000000001745
-113.70000000000235 -59.25000000000175
-113.80000000000234 13.199999999997077
-113.95000000000233 -59.20000000000175
-114.05000000000233 13.099999999997076
-114.20000000000232 -59.150000000001754
-114.20000000000232 13.049999999997075
-114.40000000000231 -59.10000000000176
-114.4500000000023 12.949999999997074
-114.6500000000023 -59.05000000000176
-114.70000000000229 12.849999999997072
-114.80000000000229 12.799999999997071
-114.90000000000228 -59.00000000000176
-115.05000000000227 12.69999999999707
-115.10000000000227 -58.950000000001765
-115.30000000000226 12.599999999997069
-115.35000000000225 -58.90000000000177
-115.40000000000225 12.549999999997068
-115.55000000000224 -58.85000000000177
-115.75000000000223 -58.80000000000177
-115.75000000000223 12.399999999997066
-116.00000000000222 -58.750000000001776
-116.2000000000022 -58.70000000000178
-116.2000000000022 12.199999999997063
-116.3000000000022 12.149999999997062
-116.4000000000022 -58.65000000000178
-116.60000000000218 -58.600000000001785
-116.80000000000217 -58.55000000000179
-116.95000000000216 11.849999999997058
-117.00000000000216 -58.50000000000179
-117.05000000000216 11.799999999997057
-117.15000000000215 11.749999999997057
-117.25000000000215 11.699999999997056
-117.35000000000214 -58.400000000001796
-117.35000000000214 11.649999999997055
-117.45000000000213 11.599999999997054
-117.55000000000213 -58.3500000000018
-117.55000000000213 11.549999999997054
-117.65000000000212 11.499999999997053
-117.75000000000212 -58.3000000000018
-117.75000000000212 11.449999999997052
-117.85000000000211 11.399999999997052
-118.1000000000021 -58.20000000000181
-118.45000000000208 -58.10000000000181
-118.50000000000207 11.049999999997047
-118.60000000000207 10.999999999997046
-118.70000000000206 10.949999999997045
-118.80000000000206 -58.00000000000182
-118.95000000000205 -57.95000000000182
-119.05000000000204 10.749999999997042
-119.15000000000204 10.699999999997042
-119.30000000000203 -57.85000000000183
-119.40000000000202 10.54999999999704
-119.45000000000202 -57.80000000000183
-119.50000000000202 10.499999999997039
-119.60000000000201 -57.75000000000183
-119.750000000002 10.349999999997037
-120.00000000000199 10.199999999997035
-120.25000000000198 10.049999999997032
-120.50000000000196 9.89999999999703
-120.75000000000195 9.749999999997028
-120.90000000000194 9.649999999997027
-121.10000000000193 -57.25000000000186
-121.25000000000192 -57.200000000001864
-121.30000000000192 9.399999999997023
-121.40000000000191 -57.15000000000187
-121.4500000000019 9.299999999997022
-121.6000000000019 9.19999999999702
-121.75000000000189 9.099999999997019
-121.80000000000189 -57.000000000001876
-121.90000000000188 8.999999999997017
-121.95000000000188 -56.95000000000188
-122.05000000000187 8.899999999997016
-122.20000000000186 -56.850000000001884
-122.40000000000185 8.649999999997013
-122.45000000000185 -56.75000000000189
-122.55000000000184 8.549999999997011
-122.60000000000184 -56.70000000000189
-122.85000000000183 -56.6000000000019
-122.90000000000182 8.299999999997008
-123.10000000000181 -56.500000000001904
-123.2500000000018 8.049999999997004
-123.3500000000018 -56.40000000000191
-123.4500000000018 -56.35000000000191
-123.4500000000018 7.8999999999970045
-123.65000000000178 7.749999999997005
-123.70000000000178 -56.25000000000192
-123.80000000000177 -56.20000000000192
-123.85000000000177 7.599999999997006
-124.05000000000176 -56.10000000000193
-124.10000000000176 7.399999999997006
-124.15000000000175 -56.05000000000193
-124.30000000000175 7.249999999997007
-124.50000000000173 -55.90000000000194
-124.55000000000173 7.0499999999970075
-124.60000000000173 -55.85000000000194
-124.80000000000172 6.849999999997008
-124.85000000000171 6.799999999997008
-125.0500000000017 -55.65000000000195
-125.1000000000017 6.599999999997009
-125.1500000000017 -55.600000000001955
-125.25000000000169 -55.55000000000196
-125.35000000000169 -55.50000000000196
-125.40000000000168 6.34999999999701
-125.45000000000168 -55.450000000001964
-125.55000000000167 -55.40000000000197
-125.75000000000166 6.049999999997011
-126.10000000000164 5.749999999997012
-126.15000000000164 5.699999999997012
-126.20000000000164 5.6499999999970125
-126.25000000000163 -55.05000000000199
-126.35000000000163 -55.00000000000199
-126.45000000000162 -54.95000000000199
-126.55000000000162 -54.900000000001995
-126.60000000000161 5.299999999997014
-126.65000000000161 -54.850000000002
-126.65000000000161 5.249999999997014
-126.70000000000161 5.199999999997014
-126.7500000000016 -54.800000000002
-127.10000000000159 -54.60000000000201
-127.20000000000158 -54.550000000002015
-127.30000000000157 -54.50000000000202
-127.40000000000157 4.549999999997016
-127.45000000000157 4.499999999997017
-127.50000000000156 4.449999999997017
-127.55000000000156 -54.35000000000203
-127.55000000000156 4.399999999997017
-127.60000000000156 4.349999999997017
-127.65000000000155 -54.30000000000203
-127.65000000000155 4.299999999997017
-127.70000000000155 4.2499999999970175
-127.75000000000155 4.199999999997018
-127.80000000000155 4.149999999997018
-127.85000000000154 4.099999999997018
-127.90000000000154 -54.15000000000204
-127.90000000000154 4.049999999997018
-127.95000000000154 3.9999999999970184
-128.00000000000153 3.9499999999970186
-128.05000000000155 3.8999999999970187
-128.10000000000156 3.849999999997019
-128.15000000000157 -54.000000000002046
-128.15000000000157 3.799999999997019
-128.20000000000158 3.7499999999970193
-128.2500000000016 -53.95000000000205
-128.2500000000016 3.6999999999970195
-128.3000000000016 3.6499999999970196
-128.35000000000161 3.59999999999702
-128.40000000000163 -53.850000000002055
-128.40000000000163 3.54999999999702
-128.45000000000164 3.49999999999702
-128.50000000000165 3.4499999999970203
-128.55000000000166 3.3999999999970205
-128.60000000000167 3.3499999999970207
-128.65000000000168 -53.70000000000206
-128.90000000000174 -53.55000000000207
-129.05000000000177 -53.45000000000208
-129.2000000000018 -53.35000000000208
-129.2000000000018 2.699999999997023
-129.25000000000182 2.649999999997023
-129.30000000000183 2.5999999999970234
-129.35000000000184 -53.25000000000209
-129.50000000000188 -53.150000000002095
-129.6500000000019 -53.0500000000021
-129.70000000000192 2.149999999997025
-129.75000000000193 2.099999999997025
-129.80000000000194 -52.950000000002106
-129.95000000000198 -52.85000000000211
-130.050000000002 1.749999999997025
-130.100000000002 -52.75000000000212
-130.100000000002 1.699999999997025
-130.30000000000206 -52.600000000002126
-130.40000000000208 1.3499999999970247
-130.4500000000021 -52.50000000000213
-130.65000000000214 -52.35000000000214
-130.65000000000214 1.0499999999970244
-130.85000000000218 -52.20000000000215
-130.9000000000022 0.7499999999970243
-131.05000000000223 -52.05000000000216
-131.10000000000224 0.49999999999702405
-131.25000000000227 -51.900000000002166
-131.30000000000229 0.2499999999970241
-131.45000000000232 -51.750000000002174
-131.50000000000233 -51.70000000000218
-131.50000000000233 -2.9759111841443087E-12
-131.65000000000236 -0.2000000000029759
-131.70000000000238 -51.550000000002186
-131.7500000000024 -51.50000000000219
-131.8500000000024 -0.45000000000297585
-132.00000000000244 -51.3000000000022
-132.00000000000244 -0.650000000002976
-132.15000000000248 -0.8500000000029762
-132.3000000000025 -51.050000000002214
-132.3000000000025 -1.0500000000029763
-132.35000000000252 -51.00000000000222
-132.55000000000257 -1.4000000000029766
-132.6500000000026 -50.75000000000223
-132.7000000000026 -50.700000000002234
-132.7000000000026 -1.6000000000029768
-132.75000000000261 -50.65000000000224
-132.80000000000263 -1.750000000002977
-133.05000000000268 -2.100000000002977
-133.1500000000027 -2.2500000000029763
-133.20000000000272 -50.25000000000226
-133.25000000000273 -50.20000000000226
-133.25000000000273 -2.4000000000029758
-133.30000000000274 -50.150000000002265
-133.35000000000275 -50.10000000000227
-133.40000000000276 -50.05000000000227
-133.85000000000286 -3.3000000000029726
-133.9500000000029 -3.450000000002972
-134.0500000000029 -3.6000000000029715
-134.30000000000297 -49.15000000000232
-134.30000000000297 -4.00000000000297
-134.35000000000298 -49.100000000002325
-134.400000000003 -49.05000000000233
-134.450000000003 -49.00000000000233
-134.500000000003 -48.95000000000233
-134.55000000000302 -48.900000000002336
-134.55000000000302 -4.400000000002969
-134.70000000000306 -4.650000000002968
-134.8500000000031 -4.900000000002967
-134.9000000000031 -48.50000000000236
-134.95000000000312 -48.45000000000236
-135.00000000000313 -48.400000000002365
-135.00000000000313 -5.150000000002966
-135.20000000000317 -5.500000000002965
-135.25000000000318 -48.10000000000238
-135.3000000000032 -48.050000000002385
-135.40000000000322 -5.8500000000029635
-135.50000000000324 -47.8000000000024
-135.55000000000325 -47.7500000000024
-135.60000000000326 -6.200000000002962
-135.65000000000327 -6.300000000002962
-135.7500000000033 -47.500000000002416
-135.90000000000333 -6.75000000000296
-135.95000000000334 -47.25000000000243
-135.95000000000334 -6.85000000000296
-136.00000000000335 -6.95000000000296
-136.05000000000337 -7.050000000002959
-136.10000000000338 -47.05000000000244
-136.2500000000034 -46.85000000000245
-136.40000000000344 -46.650000000002464
-136.55000000000348 -46.450000000002476
-136.6500000000035 -46.300000000002484
-136.80000000000354 -46.100000000002495
-136.90000000000356 -45.950000000002504
-137.00000000000358 -45.80000000000251
-137.00000000000358 -8.95000000000297
-137.0500000000036 -9.05000000000297
-137.1000000000036 -45.65000000000252
-137.1000000000036 -9.150000000002972
-137.15000000000362 -9.250000000002974
-137.20000000000363 -45.50000000000253
-137.30000000000365 -45.35000000000254
-137.35000000000366 -45.250000000002544
-137.35000000000366 -9.70000000000298
-137.40000000000367 -9.800000000002981
-137.45000000000368 -45.10000000000255
-137.5500000000037 -44.95000000000256
-137.5500000000037 -10.150000000002986
-137.60000000000372 -44.85000000000257
-137.60000000000372 -10.250000000002988
-137.70000000000374 -44.700000000002575
-137.75000000000375 -44.60000000000258
-137.75000000000375 -10.600000000002993
-137.85000000000377 -44.45000000000259
-137.90000000000379 -44.350000000002595
-137.90000000000379 -10.950000000002998
-138.0000000000038 -11.200000000003001
-138.05000000000382 -44.10000000000261
-138.10000000000383 -44.000000000002615
-138.15000000000384 -43.90000000000262
-138.15000000000384 -11.550000000003006
-138.25000000000387 -11.80000000000301
-138.3500000000039 -43.55000000000264
-138.3500000000039 -12.050000000003013
-138.4000000000039 -43.450000000002646
-138.4000000000039 -12.200000000003016
-138.4500000000039 -43.35000000000265
-138.50000000000392 -43.25000000000266
-138.50000000000392 -12.450000000003019
-138.55000000000393 -43.15000000000266
-138.60000000000394 -43.05000000000267
-138.60000000000394 -12.700000000003023
-138.65000000000396 -42.950000000002674
-138.65000000000396 -12.850000000003025
-138.70000000000397 -42.85000000000268
-138.75000000000398 -42.750000000002686
-138.75000000000398 -13.100000000003028
-138.800000000004 -42.65000000000269
-138.800000000004 -13.25000000000303
-138.850000000004 -42.5500000000027
-138.850000000004 -13.400000000003033
-138.900000000004 -42.4500000000027
-139.00000000000404 -13.800000000003038
-139.05000000000405 -13.95000000000304
-139.10000000000406 -42.00000000000273
-139.10000000000406 -14.100000000003043
-139.15000000000407 -41.900000000002734
-139.15000000000407 -14.250000000003045
-139.20000000000408 -14.400000000003047
-139.2500000000041 -41.65000000000275
-139.2500000000041 -14.550000000003049
-139.3000000000041 -41.550000000002754
-139.3000000000041 -14.700000000003051
-139.35000000000412 -14.850000000003053
-139.40000000000413 -41.30000000000277
-139.40000000000413 -15.000000000003055
-139.45000000000414 -41.200000000002774
-139.45000000000414 -15.150000000003057
-139.50000000000415 -41.05000000000278
-139.50000000000415 -15.30000000000306
-139.55000000000416 -40.95000000000279
-139.60000000000417 -40.8000000000028
-139.65000000000418 -40.7000000000028
-139.65000000000418 -15.800000000003067
-139.7000000000042 -40.55000000000281
-139.7000000000042 -15.950000000003069
-139.80000000000422 -40.300000000002825
-139.80000000000422 -16.300000000003074
-139.85000000000423 -40.150000000002834
-139.90000000000424 -40.00000000000284
-139.90000000000424 -16.65000000000308
-140.00000000000426 -17.000000000003084
-140.05000000000427 -17.200000000003087
-140.1500000000043 -17.55000000000309
-140.2000000000043 -17.750000000003094
-140.25000000000432 -38.9500000000029
-140.25000000000432 -17.950000000003097
-140.30000000000433 -38.80000000000291
-140.30000000000433 -18.1500000000031
-140.35000000000434 -38.65000000000292
-140.35000000000434 -18.350000000003103
-140.40000000000435 -38.45000000000293
-140.40000000000435 -18.550000000003106
-140.45000000000437 -38.30000000000294
-140.45000000000437 -18.75000000000311
-140.50000000000438 -38.10000000000295
-140.50000000000438 -18.95000000000311
-140.5500000000044 -37.95000000000296
-140.5500000000044 -19.200000000003115
-140.6000000000044 -37.75000000000297
-140.6000000000044 -19.400000000003118
-140.6500000000044 -37.55000000000298
-140.6500000000044 -19.65000000000312
-140.70000000000442 -37.35000000000299
-140.70000000000442 -19.850000000003124
-140.75000000000443 -37.150000000003004
-140.75000000000443 -20.100000000003128
-140.80000000000445 -36.950000000003016
-140.80000000000445 -20.35000000000313
-140.85000000000446 -36.75000000000303
-140.85000000000446 -20.600000000003135
-140.90000000000447 -36.50000000000304
-140.90000000000447 -20.85000000000314
-140.95000000000448 -36.30000000000305
-140.95000000000448 -21.150000000003143
-141.0000000000045 -36.05000000000307
-141.0000000000045 -21.400000000003146
-141.0500000000045 -35.80000000000308
-141.0500000000045 -21.70000000000315
-141.1000000000045 -35.550000000003095
-141.1000000000045 -22.000000000003155
-141.15000000000452 -35.25000000000311
-141.15000000000452 -22.30000000000316
-141.20000000000454 -35.000000000003126
-141.20000000000454 -34.95000000000313
-141.20000000000454 -22.650000000003164
-141.20000000000454 -22.600000000003163
-141.25000000000455 -34.70000000000314
-141.25000000000455 -34.650000000003146
-141.25000000000455 -22.95000000000317
-141.30000000000456 -34.35000000000316
-141.30000000000456 -23.350000000003174
-141.30000000000456 -23.300000000003173
-141.35000000000457 -34.00000000000318
-141.35000000000457 -23.70000000000318
-141.40000000000458 -33.6500000000032
-141.40000000000458 -33.600000000003206
-141.40000000000458 -24.150000000003185
-141.40000000000458 -24.100000000003185
-141.4500000000046 -33.250000000003226
-141.4500000000046 -33.20000000000323
-141.4500000000046 -24.60000000000319
-141.4500000000046 -24.55000000000319
-141.5000000000046 -32.80000000000325
-141.5000000000046 -32.750000000003254
-141.5000000000046 -25.1000000000032
-141.5000000000046 -25.050000000003198
-141.55000000000462 -32.25000000000328
-141.55000000000462 -32.200000000003286
-141.55000000000462 -25.650000000003207
-141.55000000000462 -25.600000000003206
-141.60000000000463 -31.650000000003292
-141.60000000000463 -31.60000000000329
-141.60000000000463 -31.55000000000329
-141.60000000000463 -26.350000000003217
-141.60000000000463 -26.300000000003216
-141.60000000000463 -26.250000000003215
-141.65000000000464 -30.80000000000328
-141.65000000000464 -30.75000000000328
-141.65000000000464 -30.70000000000328
-141.65000000000464 -30.650000000003278
-141.65000000000464 -30.600000000003277
-141.65000000000464 -27.30000000000323
-141.65000000000464 -27.25000000000323
-141.65000000000464 -27.20000000000323
-141.65000000000464 -27.150000000003228
