40.649999999993156 -56.300000000001916
40.649999999993156 -56.25000000000192
40.649999999993156 -56.20000000000192
40.649999999993156 -56.150000000001924
40.649999999993156 -56.10000000000193
40.649999999993156 -56.05000000000193
40.649999999993156 -56.00000000000193
40.649999999993156 -52.100000000002154
40.649999999993156 -52.05000000000216
40.649999999993156 -52.00000000000216
40.649999999993156 -51.95000000000216
40.649999999993156 -51.900000000002166
40.649999999993156 -51.85000000000217
40.59999999999316 -57.30000000000186
40.59999999999316 -57.25000000000186
40.59999999999316 -57.200000000001864
40.59999999999316 -57.15000000000187
40.59999999999316 -50.850000000002225
40.59999999999316 -50.80000000000223
40.59999999999316 -50.75000000000223
40.59999999999316 -50.700000000002234
40.54999999999316 -58.050000000001816
40.54999999999316 -58.00000000000182
40.54999999999316 -57.95000000000182
40.54999999999316 -57.900000000001825
40.54999999999316 -49.90000000000228
40.54999999999316 -49.85000000000228
40.54999999999316 -49.800000000002285
40.499999999993165 -58.65000000000178
40.499999999993165 -58.600000000001785
40.499999999993165 -58.55000000000179
40.499999999993165 -49.15000000000232
40.499999999993165 -49.100000000002325
40.499999999993165 -49.05000000000233
40.44999999999317 -59.150000000001754
40.44999999999317 -59.10000000000176
40.44999999999317 -59.05000000000176
40.44999999999317 -48.45000000000236
40.44999999999317 -48.400000000002365
40.39999999999317 -59.60000000000173
40.39999999999317 -59.55000000000173
40.39999999999317 -47.850000000002396
40.39999999999317 -47.8000000000024
40.34999999999317 -60.0500000000017
40.34999999999317 -60.000000000001705
40.34999999999317 -59.95000000000171
40.34999999999317 -47.30000000000243
40.34999999999317 -47.25000000000243
40.299999999993176 -60.40000000000168
40.299999999993176 -60.350000000001685
40.299999999993176 -46.75000000000246
40.299999999993176 -46.70000000000246
40.24999999999318 -60.75000000000166
40.24999999999318 -60.700000000001666
40.24999999999318 -46.25000000000249
40.24999999999318 -46.20000000000249
40.19999999999318 -61.10000000000164
40.19999999999318 -61.050000000001646
40.19999999999318 -45.750000000002515
40.149999999993184 -61.400000000001626
40.149999999993184 -61.35000000000163
40.149999999993184 -45.30000000000254
40.09999999999319 -61.70000000000161
40.09999999999319 -61.65000000000161
40.09999999999319 -44.900000000002564
40.09999999999319 -44.85000000000257
40.04999999999319 -61.950000000001594
40.04999999999319 -44.45000000000259
39.99999999999319 -62.25000000000158
39.99999999999319 -62.20000000000158
39.99999999999319 -44.05000000000261
39.99999999999319 -44.000000000002615
39.949999999993196 -62.50000000000156
39.949999999993196 -62.450000000001566
39.949999999993196 -43.650000000002635
39.8999999999932 -62.75000000000155
39.8999999999932 -62.70000000000155
39.8999999999932 -43.25000000000266
39.8499999999932 -62.95000000000154
39.8499999999932 -42.90000000000268
39.8499999999932 -42.85000000000268
39.799999999993204 -63.20000000000152
39.799999999993204 -42.5000000000027
39.74999999999321 -63.40000000000151
39.74999999999321 -42.15000000000272
39.69999999999321 -63.6000000000015
39.69999999999321 -41.80000000000274
39.64999999999321 -63.80000000000149
39.64999999999321 -41.45000000000276
39.599999999993216 -64.00000000000148
39.599999999993216 -41.15000000000278
39.599999999993216 -41.10000000000278
39.54999999999322 -64.20000000000147
39.54999999999322 -40.8000000000028
39.49999999999322 -64.40000000000146
39.49999999999322 -40.500000000002814
39.49999999999322 -40.45000000000282
39.449999999993224 -64.55000000000145
39.449999999993224 -40.150000000002834
39.39999999999323 -64.75000000000144
39.39999999999323 -39.85000000000285
39.34999999999323 -64.90000000000143
39.34999999999323 -39.55000000000287
39.29999999999323 -65.10000000000142
39.29999999999323 -39.250000000002885
39.249999999993236 -65.2500000000014
39.249999999993236 -38.9500000000029
39.19999999999324 -65.4000000000014
39.19999999999324 -38.65000000000292
39.14999999999324 -65.55000000000139
39.14999999999324 -38.350000000002936
39.099999999993244 -65.70000000000138
39.099999999993244 -38.05000000000295
39.04999999999325 -65.85000000000137
39.04999999999325 -37.80000000000297
38.99999999999325 -66.00000000000136
38.99999999999325 -37.500000000002984
38.94999999999325 -66.15000000000136
38.899999999993256 -66.25000000000135
38.899999999993256 -36.950000000003016
38.84999999999326 -66.40000000000134
38.84999999999326 -36.70000000000303
38.79999999999326 -66.55000000000133
38.79999999999326 -36.40000000000305
38.749999999993264 -66.65000000000133
38.749999999993264 -36.15000000000306
38.69999999999327 -66.80000000000132
38.69999999999327 -35.900000000003075
38.59999999999327 -67.0500000000013
38.549999999993275 -67.1500000000013
38.549999999993275 -35.10000000000312
38.49999999999328 -67.30000000000129
38.49999999999328 -34.850000000003135
38.44999999999328 -67.40000000000128
38.44999999999328 -34.60000000000315
38.399999999993284 -67.50000000000128
38.34999999999329 -67.65000000000127
38.29999999999329 -67.75000000000126
38.29999999999329 -33.90000000000319
38.24999999999329 -67.85000000000126
38.24999999999329 -33.6500000000032
38.199999999993295 -67.95000000000125
38.199999999993295 -33.40000000000322
38.1499999999933 -68.05000000000125
38.1499999999933 -33.15000000000323
38.0999999999933 -32.95000000000324
38.049999999993304 -32.70000000000326
37.94999999999331 -32.25000000000328
37.89999999999331 -32.0000000000033
37.849999999993315 -31.800000000003294
37.79999999999332 -68.75000000000121
37.79999999999332 -31.55000000000329
37.74999999999332 -68.8500000000012
37.74999999999332 -31.350000000003288
37.699999999993324 -68.9500000000012
37.64999999999333 -69.05000000000119
37.64999999999333 -30.90000000000328
37.59999999999333 -69.15000000000119
37.54999999999333 -30.450000000003275
37.499999999993335 -69.30000000000118
37.499999999993335 -30.250000000003272
37.44999999999334 -69.40000000000117
37.44999999999334 -30.05000000000327
37.39999999999334 -69.50000000000117
37.349999999993344 -29.600000000003263
37.29999999999335 -69.65000000000116
37.29999999999335 -29.40000000000326
37.24999999999335 -69.75000000000115
37.24999999999335 -29.200000000003257
37.19999999999335 -29.000000000003254
37.149999999993355 -69.90000000000114
37.04999999999336 -70.05000000000113
36.99999999999336 -70.15000000000113
36.949999999993366 -70.20000000000113
36.89999999999337 -70.30000000000112
36.799999999993375 -70.45000000000111
36.69999999999338 -70.6000000000011
36.64999999999338 -70.6500000000011
36.599999999993386 -26.60000000000322
36.54999999999339 -70.80000000000109
36.54999999999339 -26.400000000003217
36.49999999999339 -26.200000000003214
36.449999999993395 -70.95000000000108
36.3999999999934 -71.00000000000108
36.3499999999934 -25.650000000003207
36.2999999999934 -71.15000000000107
36.2999999999934 -25.450000000003204
36.249999999993406 -71.20000000000107
36.249999999993406 -25.2500000000032
36.14999999999341 -71.35000000000106
36.14999999999341 -24.900000000003196
36.099999999993415 -71.40000000000106
36.099999999993415 -24.700000000003193
35.99999999999342 -71.55000000000105
35.99999999999342 -24.350000000003188
35.94999999999342 -71.60000000000105
35.94999999999342 -24.150000000003185
35.899999999993426 -71.65000000000104
35.84999999999343 -23.80000000000318
35.749999999993435 -71.85000000000103
35.749999999993435 -23.450000000003175
35.69999999999344 -71.90000000000103
35.64999999999344 -23.10000000000317
35.549999999993446 -22.750000000003165
35.49999999999345 -72.15000000000101
35.44999999999345 -72.20000000000101
35.44999999999345 -22.40000000000316
35.399999999993454 -72.25000000000101
35.34999999999346 -72.300000000001
35.34999999999346 -22.050000000003156
35.24999999999346 -21.70000000000315
35.199999999993466 -21.55000000000315
35.09999999999347 -21.200000000003143
35.049999999993474 -72.65000000000099
34.99999999999348 -72.70000000000098
34.94999999999348 -72.75000000000098
34.94999999999348 -20.700000000003136
34.89999999999348 -72.80000000000098
34.849999999993486 -72.85000000000097
34.79999999999349 -72.90000000000097
34.79999999999349 -20.20000000000313
34.74999999999349 -72.95000000000097
34.74999999999349 -20.050000000003127
34.699999999993494 -73.00000000000097
34.6499999999935 -73.05000000000096
34.5999999999935 -73.10000000000096
34.5999999999935 -19.55000000000312
34.5499999999935 -73.15000000000096
34.5499999999935 -19.400000000003118
34.499999999993506 -73.20000000000095
34.44999999999351 -73.25000000000095
34.39999999999351 -73.30000000000095
34.349999999993514 -73.35000000000095
34.349999999993514 -18.75000000000311
34.29999999999352 -73.40000000000094
34.29999999999352 -18.600000000003106
34.24999999999352 -73.45000000000094
34.24999999999352 -18.450000000003104
34.19999999999352 -73.50000000000094
34.19999999999352 -18.300000000003102
33.84999999999354 -73.80000000000092
33.84999999999354 -17.200000000003087
33.799999999993545 -73.85000000000092
33.799999999993545 -17.050000000003084
33.74999999999355 -73.90000000000092
33.74999999999355 -16.900000000003082
33.69999999999355 -73.95000000000091
33.69999999999355 -16.75000000000308
33.649999999993554 -16.600000000003078
33.59999999999356 -16.450000000003076
33.54999999999356 -16.300000000003074
33.49999999999356 -16.15000000000307
33.449999999993565 -74.1500000000009
33.39999999999357 -74.2000000000009
33.19999999999358 -74.35000000000089
33.14999999999358 -74.40000000000089
33.099999999993585 -74.45000000000088
33.04999999999359 -14.850000000003053
32.99999999999359 -14.700000000003051
32.949999999993594 -74.55000000000088
32.949999999993594 -14.550000000003049
32.8999999999936 -74.60000000000088
32.749999999993605 -14.000000000003041
32.69999999999361 -74.75000000000087
32.69999999999361 -13.850000000003039
32.64999999999361 -74.80000000000086
32.49999999999362 -74.90000000000086
32.49999999999362 -13.300000000003031
32.44999999999362 -13.150000000003029
32.29999999999363 -75.05000000000085
32.29999999999363 -12.750000000003023
32.24999999999363 -12.600000000003021
32.14999999999364 -75.15000000000084
32.09999999999364 -75.20000000000084
32.09999999999364 -12.200000000003016
31.949999999993643 -75.30000000000084
31.949999999993643 -11.80000000000301
31.79999999999364 -75.40000000000083
31.79999999999364 -11.400000000003004
31.64999999999364 -75.50000000000082
31.64999999999364 -11.000000000002998
31.549999999993638 -10.750000000002995
31.499999999993637 -75.60000000000082
31.399999999993636 -10.35000000000299
31.349999999993635 -75.70000000000081
31.299999999993634 -10.100000000002986
31.199999999993633 -75.80000000000081
31.199999999993633 -9.850000000002982
31.09999999999363 -75.8500000000008
31.09999999999363 -9.600000000002979
30.94999999999363 -75.9500000000008
30.699999999993626 -76.10000000000079
30.699999999993626 -8.600000000002964
30.599999999993624 -8.35000000000296
30.499999999993623 -8.100000000002957
30.449999999993622 -76.25000000000078
30.39999999999362 -7.850000000002956
30.34999999999362 -76.30000000000078
30.24999999999362 -7.500000000002958
30.19999999999362 -76.40000000000077
30.149999999993618 -7.2500000000029585
30.099999999993617 -76.45000000000077
29.999999999993616 -76.50000000000077
29.999999999993616 -6.90000000000296
29.849999999993614 -6.550000000002961
29.749999999993612 -76.65000000000076
29.69999999999361 -6.200000000002962
29.64999999999361 -76.70000000000076
29.54999999999361 -76.75000000000075
29.54999999999361 -5.8500000000029635
29.449999999993608 -76.80000000000075
29.399999999993607 -5.500000000002965
29.349999999993607 -76.85000000000075
29.249999999993605 -76.90000000000074
29.199999999993604 -5.050000000002966
28.9999999999936 -4.600000000002968
28.7999999999936 -4.1500000000029695
28.749999999993598 -4.05000000000297
28.649999999993597 -77.20000000000073
28.549999999993595 -77.25000000000072
28.499999999993594 -3.500000000002972
28.449999999993594 -77.30000000000072
28.349999999993592 -77.35000000000072
28.24999999999359 -77.40000000000072
28.19999999999359 -2.850000000002974
28.14999999999359 -77.45000000000071
28.14999999999359 -2.7500000000029745
27.799999999993585 -77.6000000000007
27.749999999993584 -1.900000000002977
27.699999999993583 -77.6500000000007
27.699999999993583 -1.800000000002977
27.649999999993582 -1.700000000002977
27.59999999999358 -77.7000000000007
27.59999999999358 -1.6000000000029768
27.349999999993578 -77.8000000000007
27.249999999993577 -77.85000000000069
26.999999999993573 -77.95000000000068
26.74999999999357 -78.05000000000068
26.649999999993568 -78.10000000000068
26.499999999993566 -78.15000000000067
26.399999999993565 -78.20000000000067
26.349999999993564 0.8999999999970244
26.299999999993563 0.9999999999970245
26.249999999993562 -78.25000000000067
26.249999999993562 1.0999999999970245
26.19999999999356 1.1999999999970246
25.99999999999356 -78.35000000000066
25.799999999993556 1.9499999999970252
25.749999999993555 -78.45000000000066
25.749999999993555 2.0499999999970253
25.599999999993553 -78.50000000000065
25.44999999999355 -78.55000000000065
25.44999999999355 2.5999999999970234
25.39999999999355 2.699999999997023
25.199999999993548 -78.65000000000065
25.149999999993547 3.1499999999970214
25.049999999993545 -78.70000000000064
24.899999999993543 -78.75000000000064
24.899999999993543 3.59999999999702
24.74999999999354 -78.80000000000064
24.64999999999354 4.049999999997018
24.449999999993537 4.399999999997017
24.249999999993534 4.749999999997016
24.099999999993532 4.999999999997015
23.89999999999353 5.349999999997014
23.84999999999353 -79.10000000000062
23.749999999993527 5.599999999997013
23.699999999993526 -79.15000000000062
23.599999999993525 5.849999999997012
23.549999999993524 -79.20000000000061
23.449999999993523 6.099999999997011
23.399999999993522 -79.25000000000061
23.29999999999352 6.34999999999701
23.24999999999352 -79.30000000000061
23.14999999999352 6.599999999997009
22.999999999993516 6.849999999997008
22.899999999993515 -79.4000000000006
22.749999999993513 -79.4500000000006
22.749999999993513 7.249999999997007
22.54999999999351 -79.5000000000006
22.49999999999351 7.649999999997005
22.399999999993508 -79.5500000000006
22.249999999993506 8.049999999997004
22.149999999993504 8.199999999997006
22.049999999993503 -79.65000000000059
21.8499999999935 -79.70000000000059
21.699999999993498 -79.75000000000058
21.699999999993498 8.899999999997016
21.599999999993496 9.049999999997018
21.499999999993495 -79.80000000000058
21.499999999993495 9.19999999999702
21.399999999993494 9.349999999997022
21.299999999993492 -79.85000000000058
21.299999999993492 9.499999999997025
21.19999999999349 9.649999999997027
21.14999999999349 -79.90000000000057
21.09999999999349 9.799999999997029
20.999999999993488 9.949999999997031
20.949999999993487 -79.95000000000057
20.749999999993484 -80.00000000000057
20.54999999999348 -80.05000000000057
20.54999999999348 10.59999999999704
20.44999999999348 10.749999999997042
20.34999999999348 -80.10000000000056
20.199999999993477 11.099999999997047
20.149999999993476 -80.15000000000056
20.099999999993475 11.24999999999705
19.949999999993473 -80.20000000000056
19.84999999999347 11.599999999997054
19.74999999999347 -80.25000000000055
19.69999999999347 11.799999999997057
19.549999999993467 -80.30000000000055
19.449999999993466 12.149999999997062
19.299999999993464 -80.35000000000055
19.299999999993464 12.349999999997065
19.09999999999346 -80.40000000000055
18.899999999993458 -80.45000000000054
18.649999999993454 -80.50000000000054
18.44999999999345 -80.55000000000054
18.39999999999345 13.549999999997082
18.24999999999345 13.749999999997085
18.199999999993448 -80.60000000000053
18.049999999993446 13.999999999997089
17.999999999993445 -80.65000000000053
17.899999999993444 14.199999999997091
17.74999999999344 -80.70000000000053
17.69999999999344 14.449999999997095
17.499999999993438 -80.75000000000053
17.499999999993438 14.699999999997098
17.299999999993435 14.949999999997102
17.249999999993435 -80.80000000000052
17.099999999993432 15.199999999997106
16.99999999999343 -80.85000000000052
16.84999999999343 15.49999999999711
16.749999999993427 -80.90000000000052
16.599999999993425 15.799999999997114
16.499999999993424 -80.95000000000051
16.349999999993422 16.099999999997117
16.24999999999342 -81.00000000000051
16.09999999999342 16.39999999999712
16.049999999993418 16.44999999999712
15.999999999993417 -81.05000000000051
15.749999999993413 16.799999999997127
15.699999999993413 -81.1000000000005
15.449999999993409 -81.1500000000005
15.449999999993409 17.14999999999713
15.399999999993408 17.199999999997132
15.199999999993405 -81.2000000000005
15.149999999993405 -81.2000000000005
15.049999999993403 17.599999999997138
14.999999999993403 17.64999999999714
14.899999999993401 -81.2500000000005
14.599999999993397 -81.3000000000005
14.549999999993396 18.149999999997146
14.499999999993396 18.199999999997146
14.349999999993393 -81.35000000000049
14.299999999993393 -81.35000000000049
14.049999999993389 -81.40000000000049
13.999999999993388 -81.40000000000049
13.899999999993387 18.849999999997156
13.849999999993386 18.899999999997156
13.799999999993386 18.949999999997157
13.749999999993385 -81.45000000000049
13.749999999993385 18.999999999997158
13.699999999993384 -81.45000000000049
13.44999999999338 -81.50000000000048
13.39999999999338 -81.50000000000048
13.099999999993376 -81.55000000000048
12.799999999993371 -81.60000000000048
12.499999999993367 -81.65000000000047
12.449999999993366 -81.65000000000047
12.149999999993362 -81.70000000000047
11.799999999993357 -81.75000000000047
11.499999999993353 -81.80000000000047
11.449999999993352 -81.80000000000047
11.449999999993352 21.29999999999719
11.399999999993351 21.34999999999719
11.34999999999335 21.399999999997192
11.149999999993348 -81.85000000000046
11.099999999993347 -81.85000000000046
10.749999999993342 -81.90000000000046
10.699999999993342 21.9999999999972
10.64999999999334 22.0499999999972
10.399999999993337 -81.95000000000046
10.149999999993334 22.499999999997208
10.049999999993332 -82.00000000000045
9.699999999993327 22.899999999997213
9.649999999993327 -82.05000000000045
9.349999999993322 23.199999999997218
9.299999999993322 -82.10000000000045
9.299999999993322 23.24999999999722
9.249999999993321 -82.10000000000045
8.999999999993317 23.499999999997222
8.899999999993316 -82.15000000000045
8.849999999993315 -82.15000000000045
8.649999999993312 23.799999999997226
8.49999999999331 -82.20000000000044
8.44999999999331 -82.20000000000044
8.349999999993308 24.04999999999723
8.099999999993305 -82.25000000000044
8.099999999993305 24.249999999997232
8.049999999993304 -82.25000000000044
7.649999999993305 -82.30000000000044
7.549999999993306 24.69999999999724
7.349999999993306 24.84999999999724
7.249999999993307 -82.35000000000043
7.199999999993307 -82.35000000000043
7.099999999993307 25.049999999997244
6.799999999993308 -82.40000000000043
6.7499999999933085 -82.40000000000043
6.649999999993309 25.39999999999725
6.4499999999933095 25.54999999999725
6.34999999999331 -82.45000000000043
6.29999999999331 -82.45000000000043
6.24999999999331 25.699999999997253
6.049999999993311 25.849999999997255
5.8999999999933115 -82.50000000000043
5.849999999993312 -82.50000000000043
5.849999999993312 25.999999999997257
5.649999999993312 26.14999999999726
5.399999999993313 -82.55000000000042
5.299999999993314 26.399999999997263
4.949999999993315 -82.60000000000042
4.949999999993315 26.649999999997267
4.899999999993315 -82.60000000000042
4.599999999993316 26.89999999999727
4.449999999993317 -82.65000000000042
4.449999999993317 26.99999999999727
4.399999999993317 -82.65000000000042
4.299999999993317 27.099999999997273
3.9499999999933184 -82.70000000000041
3.8999999999933186 -82.70000000000041
3.3999999999933204 -82.75000000000041
3.3499999999933205 -82.75000000000041
2.8499999999933223 -82.80000000000041
2.7999999999933225 28.099999999997287
2.649999999993323 28.19999999999729
2.2999999999933243 -82.8500000000004
2.2499999999933245 -82.8500000000004
2.2499999999933245 28.449999999997292
1.849999999993325 28.699999999997296
1.749999999993325 -82.9000000000004
1.6999999999933249 -82.9000000000004
1.5999999999933248 28.849999999997298
1.3499999999933245 28.9999999999973
1.1499999999933244 -82.9500000000004
1.0999999999933243 -82.9500000000004
1.0999999999933243 29.149999999997302
0.8499999999933241 29.299999999997304
0.5999999999933239 29.449999999997306
0.5499999999933238 -83.0000000000004
0.49999999999332384 -83.0000000000004
0.2499999999933239 29.64999999999731
-0.05000000000667609 -83.0500000000004
-0.1000000000066761 -83.0500000000004
-0.1000000000066761 29.849999999997312
-0.20000000000667612 29.899999999997313
-0.5500000000066761 30.099999999997316
-0.6500000000066762 30.149999999997316
-0.7000000000066763 -83.10000000000039
-0.7500000000066763 -83.10000000000039
-1.1000000000066765 30.39999999999732
-1.2000000000066766 30.44999999999732
-1.3000000000066767 30.49999999999732
-1.4000000000066768 -83.15000000000039
-1.4500000000066768 -83.15000000000039
-2.100000000006677 -83.20000000000039
-2.150000000006677 -83.20000000000039
-2.150000000006677 30.949999999997328
-2.2500000000066764 30.99999999999733
-2.350000000006676 31.04999999999733
-2.4500000000066757 31.09999999999733
-2.5500000000066754 31.14999999999733
-2.650000000006675 31.19999999999733
-2.7500000000066747 31.249999999997332
-2.8000000000066745 -83.25000000000038
-2.8500000000066743 -83.25000000000038
-2.8500000000066743 31.299999999997333
-2.950000000006674 31.349999999997333
-3.550000000006672 -83.30000000000038
-3.6000000000066716 -83.30000000000038
-3.9000000000066706 31.79999999999734
-4.00000000000667 31.84999999999734
-4.10000000000667 31.89999999999734
-4.350000000006669 -83.35000000000038
-4.400000000006669 -83.35000000000038
-4.550000000006668 32.09999999999734
-4.650000000006668 32.149999999997334
-5.100000000006666 32.34999999999732
-5.150000000006666 -83.40000000000038
-5.200000000006666 -83.40000000000038
-5.450000000006665 32.499999999997314
-5.550000000006665 32.54999999999731
-6.000000000006663 -83.45000000000037
-6.050000000006663 -83.45000000000037
-6.100000000006663 -83.45000000000037
-6.150000000006663 32.7999999999973
-6.500000000006661 32.94999999999729
-6.7500000000066604 33.04999999999728
-6.90000000000666 -83.50000000000037
-6.95000000000666 -83.50000000000037
-7.00000000000666 -83.50000000000037
-7.00000000000666 33.14999999999728
-7.250000000006659 33.24999999999727
-7.500000000006658 33.349999999997266
-7.8500000000066565 -83.55000000000037
-7.900000000006656 -83.55000000000037
-7.900000000006656 33.49999999999726
-8.150000000006658 33.59999999999725
-8.550000000006664 33.74999999999724
-8.700000000006666 33.79999999999724
-8.850000000006668 -83.60000000000036
-8.900000000006669 -83.60000000000036
-9.100000000006672 33.94999999999723
-9.250000000006674 33.99999999999723
-9.900000000006683 -83.65000000000036
-9.950000000006684 -83.65000000000036
-10.000000000006684 -83.65000000000036
-10.40000000000669 34.399999999997206
-11.000000000006699 -83.70000000000036
-11.0500000000067 -83.70000000000036
-11.1000000000067 -83.70000000000036
-11.500000000006706 34.749999999997186
-11.650000000006708 34.79999999999718
-12.150000000006715 34.949999999997175
-12.200000000006716 -83.75000000000036
-12.250000000006716 -83.75000000000036
-12.300000000006717 -83.75000000000036
-12.350000000006718 -83.75000000000036
-12.650000000006722 35.099999999997166
-13.000000000006727 35.19999999999716
-13.350000000006732 35.299999999997155
-13.550000000006735 -83.80000000000035
-13.600000000006736 -83.80000000000035
-13.650000000006736 -83.80000000000035
-13.90000000000674 35.44999999999715
-14.100000000006743 35.499999999997144
-14.850000000006753 35.69999999999713
-14.950000000006755 -83.85000000000035
-15.000000000006755 -83.85000000000035
-15.050000000006756 -83.85000000000035
-15.050000000006756 35.74999999999713
-15.100000000006757 -83.85000000000035
-15.900000000006768 35.94999999999712
-16.10000000000677 35.999999999997115
-16.550000000006776 -83.90000000000035
-16.550000000006776 36.09999999999711
-16.600000000006776 -83.90000000000035
-16.650000000006777 -83.90000000000035
-16.700000000006778 -83.90000000000035
-16.75000000000678 -83.90000000000035
-17.000000000006782 36.199999999997104
-17.700000000006792 36.349999999997095
-17.950000000006796 36.39999999999709
-18.2000000000068 36.44999999999709
-18.400000000006802 -83.95000000000034
-18.450000000006803 -83.95000000000034
-18.450000000006803 36.49999999999709
-18.500000000006803 -83.95000000000034
-18.550000000006804 -83.95000000000034
-18.600000000006805 -83.95000000000034
-19.00000000000681 36.59999999999708
-19.55000000000682 36.699999999997075
-19.850000000006823 36.74999999999707
-20.150000000006827 36.79999999999707
-20.45000000000683 36.84999999999707
-20.550000000006833 -84.00000000000034
-20.600000000006833 -84.00000000000034
-20.650000000006834 -84.00000000000034
-20.700000000006835 -84.00000000000034
-20.750000000006835 -84.00000000000034
-20.750000000006835 36.899999999997064
-20.800000000006836 -84.00000000000034
-21.10000000000684 36.94999999999706
-21.80000000000685 37.049999999997056
-22.150000000006855 37.09999999999705
-22.50000000000686 37.14999999999705
-22.900000000006866 37.19999999999705
-23.30000000000687 -84.05000000000034
-23.350000000006872 -84.05000000000034
-23.350000000006872 37.249999999997044
-23.400000000006873 -84.05000000000034
-23.450000000006874 -84.05000000000034
-23.500000000006875 -84.05000000000034
-23.550000000006875 -84.05000000000034
-23.600000000006876 -84.05000000000034
-23.650000000006877 -84.05000000000034
-23.700000000006877 -84.05000000000034
-23.750000000006878 37.29999999999704
-23.80000000000688 37.29999999999704
-24.250000000006885 37.34999999999704
-24.750000000006892 37.399999999997036
-25.3000000000069 37.44999999999703
-25.90000000000691 37.49999999999703
-26.550000000006918 37.54999999999703
-26.60000000000692 37.54999999999703
-27.35000000000693 37.599999999997024
-27.40000000000693 37.599999999997024
-27.45000000000693 37.599999999997024
-28.00000000000694 -84.10000000000034
-28.05000000000694 -84.10000000000034
-28.10000000000694 -84.10000000000034
-28.15000000000694 -84.10000000000034
-28.20000000000694 -84.10000000000034
-28.250000000006942 -84.10000000000034
-28.300000000006943 -84.10000000000034
-28.350000000006943 -84.10000000000034
-28.350000000006943 37.64999999999702
-28.400000000006944 -84.10000000000034
-28.400000000006944 37.64999999999702
-28.450000000006945 -84.10000000000034
-28.450000000006945 37.64999999999702
-28.500000000006946 -84.10000000000034
-28.500000000006946 37.64999999999702
-28.550000000006946 -84.10000000000034
-28.600000000006947 -84.10000000000034
-28.650000000006948 -84.10000000000034
-28.70000000000695 -84.10000000000034
-28.75000000000695 -84.10000000000034
-28.80000000000695 -84.10000000000034
-28.85000000000695 -84.10000000000034
-28.90000000000695 -84.10000000000034
-28.950000000006952 -84.10000000000034
-29.000000000006953 -84.10000000000034
-29.050000000006953 -84.10000000000034
-29.100000000006954 -84.10000000000034
-29.150000000006955 -84.10000000000034
-29.200000000006956 -84.10000000000034
-29.250000000006956 -84.10000000000034
-30.000000000006967 37.69999999999702
-30.050000000006968 37.69999999999702
-30.10000000000697 37.69999999999702
-30.15000000000697 37.69999999999702
-30.20000000000697 37.69999999999702
-30.25000000000697 37.69999999999702
-30.30000000000697 37.69999999999702
-30.350000000006972 37.69999999999702
-30.400000000006973 37.69999999999702
-32.100000000006986 37.69999999999702
-32.15000000000698 37.69999999999702
-32.20000000000698 37.69999999999702
-32.25000000000698 37.69999999999702
-32.300000000006975 37.69999999999702
-32.35000000000697 37.69999999999702
-32.40000000000697 37.69999999999702
-32.450000000006966 37.69999999999702
-32.50000000000696 37.69999999999702
-33.25000000000692 -84.10000000000034
-33.30000000000692 -84.10000000000034
-33.350000000006915 -84.10000000000034
-33.40000000000691 -84.10000000000034
-33.45000000000691 -84.10000000000034
-33.50000000000691 -84.10000000000034
-33.550000000006904 -84.10000000000034
-33.6000000000069 -84.10000000000034
-33.6500000000069 -84.10000000000034
-33.700000000006895 -84.10000000000034
-33.75000000000689 -84.10000000000034
-33.80000000000689 -84.10000000000034
-33.85000000000689 -84.10000000000034
-33.900000000006884 -84.10000000000034
-33.95000000000688 -84.10000000000034
-34.00000000000688 -84.10000000000034
-34.00000000000688 37.64999999999702
-34.050000000006875 -84.10000000000034
-34.050000000006875 37.64999999999702
-34.10000000000687 -84.10000000000034
-34.10000000000687 37.64999999999702
-34.15000000000687 -84.10000000000034
-34.15000000000687 37.64999999999702
-34.20000000000687 -84.10000000000034
-34.250000000006864 -84.10000000000034
-34.30000000000686 -84.10000000000034
-34.35000000000686 -84.10000000000034
-34.400000000006855 -84.10000000000034
-34.45000000000685 -84.10000000000034
-34.50000000000685 -84.10000000000034
-35.05000000000682 37.599999999997024
-35.100000000006816 37.599999999997024
-35.15000000000681 37.599999999997024
-35.90000000000677 37.54999999999703
-35.95000000000677 37.54999999999703
-36.60000000000673 37.49999999999703
-37.200000000006696 37.44999999999703
-37.750000000006665 37.399999999997036
-38.25000000000664 37.34999999999704
-38.70000000000661 37.29999999999704
-38.75000000000661 37.29999999999704
-38.800000000006605 -84.05000000000034
-38.8500000000066 -84.05000000000034
-38.9000000000066 -84.05000000000034
-38.9500000000066 -84.05000000000034
-39.000000000006594 -84.05000000000034
-39.05000000000659 -84.05000000000034
-39.10000000000659 -84.05000000000034
-39.150000000006585 -84.05000000000034
-39.150000000006585 37.249999999997044
-39.20000000000658 -84.05000000000034
-39.60000000000656 37.19999999999705
-40.00000000000654 37.14999999999705
-40.35000000000652 37.09999999999705
-40.7000000000065 37.049999999997056
-41.40000000000646 36.94999999999706
-41.70000000000644 -84.00000000000034
-41.75000000000644 -84.00000000000034
-41.75000000000644 36.899999999997064
-41.800000000006435 -84.00000000000034
-41.85000000000643 -84.00000000000034
-41.90000000000643 -84.00000000000034
-41.950000000006426 -84.00000000000034
-42.05000000000642 36.84999999999707
-42.3500000000064 36.79999999999707
-42.650000000006386 36.74999999999707
-42.95000000000637 36.699999999997075
-43.50000000000634 36.59999999999708
-43.900000000006315 -83.95000000000034
-43.95000000000631 -83.95000000000034
-44.00000000000631 -83.95000000000034
-44.05000000000631 -83.95000000000034
-44.05000000000631 36.49999999999709
-44.100000000006304 -83.95000000000034
-44.30000000000629 36.44999999999709
-44.55000000000628 36.39999999999709
-44.800000000006264 36.349999999997095
-45.500000000006224 36.199999999997104
-45.75000000000621 -83.90000000000035
-45.80000000000621 -83.90000000000035
-45.850000000006204 -83.90000000000035
-45.9000000000062 -83.90000000000035
-45.9500000000062 -83.90000000000035
-45.9500000000062 36.09999999999711
-46.40000000000617 35.999999999997115
-46.60000000000616 35.94999999999712
-47.400000000006116 -83.85000000000035
-47.45000000000611 -83.85000000000035
-47.45000000000611 35.74999999999713
-47.50000000000611 -83.85000000000035
-47.55000000000611 -83.85000000000035
-47.6500000000061 35.69999999999713
-48.40000000000606 35.499999999997144
-48.60000000000605 35.44999999999715
-48.850000000006034 -83.80000000000035
-48.90000000000603 -83.80000000000035
-48.95000000000603 -83.80000000000035
-49.15000000000602 35.299999999997155
-49.500000000006 35.19999999999716
-49.85000000000598 35.099999999997166
-50.15000000000596 -83.75000000000036
-50.20000000000596 -83.75000000000036
-50.250000000005954 -83.75000000000036
-50.30000000000595 -83.75000000000036
-50.35000000000595 34.949999999997175
-50.85000000000592 34.79999999999718
-51.00000000000591 34.749999999997186
-51.40000000000589 -83.70000000000036
-51.450000000005886 -83.70000000000036
-51.50000000000588 -83.70000000000036
-52.10000000000585 34.399999999997206
-52.50000000000583 -83.65000000000036
-52.550000000005824 -83.65000000000036
-52.60000000000582 -83.65000000000036
-53.250000000005784 33.99999999999723
-53.400000000005775 33.94999999999723
-53.600000000005764 -83.60000000000036
-53.65000000000576 -83.60000000000036
-53.80000000000575 33.79999999999724
-53.950000000005744 33.74999999999724
-54.35000000000572 33.59999999999725
-54.60000000000571 -83.55000000000037
-54.60000000000571 33.49999999999726
-54.650000000005704 -83.55000000000037
-55.000000000005684 33.349999999997266
-55.25000000000567 33.24999999999727
-55.500000000005656 -83.50000000000037
-55.500000000005656 33.14999999999728
-55.55000000000565 -83.50000000000037
-55.60000000000565 -83.50000000000037
-55.75000000000564 33.04999999999728
-56.00000000000563 32.94999999999729
-56.35000000000561 32.7999999999973
-56.400000000005605 -83.45000000000037
-56.4500000000056 -83.45000000000037
-56.5000000000056 -83.45000000000037
-56.95000000000557 32.54999999999731
-57.05000000000557 32.499999999997314
-57.300000000005554 -83.40000000000038
-57.35000000000555 -83.40000000000038
-57.40000000000555 32.34999999999732
-57.85000000000552 32.149999999997334
-57.95000000000552 32.09999999999734
-58.10000000000551 -83.35000000000038
-58.150000000005505 -83.35000000000038
-58.40000000000549 31.89999999999734
-58.500000000005485 31.84999999999734
-58.60000000000548 31.79999999999734
-58.90000000000546 -83.30000000000038
-58.95000000000546 -83.30000000000038
-59.550000000005426 31.349999999997333
-59.65000000000542 -83.25000000000038
-59.65000000000542 31.299999999997333
-59.70000000000542 -83.25000000000038
-59.750000000005414 31.249999999997332
-59.85000000000541 31.19999999999733
-59.9500000000054 31.14999999999733
-60.0500000000054 31.09999999999733
-60.15000000000539 31.04999999999733
-60.250000000005386 30.99999999999733
-60.35000000000538 -83.20000000000039
-60.35000000000538 30.949999999997328
-60.40000000000538 -83.20000000000039
-61.05000000000534 -83.15000000000039
-61.10000000000534 -83.15000000000039
-61.20000000000533 30.49999999999732
-61.300000000005326 30.44999999999732
-61.40000000000532 30.39999999999732
-61.7500000000053 -83.10000000000039
-61.8000000000053 -83.10000000000039
-61.850000000005295 30.149999999997316
-61.95000000000529 30.099999999997316
-62.30000000000527 29.899999999997313
-62.400000000005264 -83.0500000000004
-62.400000000005264 29.849999999997312
-62.45000000000526 -83.0500000000004
-62.750000000005244 29.64999999999731
-63.00000000000523 -83.0000000000004
-63.05000000000523 -83.0000000000004
-63.100000000005224 29.449999999997306
-63.35000000000521 29.299999999997304
-63.600000000005195 -82.9500000000004
-63.600000000005195 29.149999999997302
-63.65000000000519 -82.9500000000004
-63.85000000000518 28.9999999999973
-64.10000000000517 28.849999999997298
-64.20000000000516 -82.9000000000004
-64.25000000000516 -82.9000000000004
-64.35000000000515 28.699999999997296
-64.75000000000513 -82.8500000000004
-64.75000000000513 28.449999999997292
-64.80000000000513 -82.8500000000004
-65.15000000000511 28.19999999999729
-65.3000000000051 28.099999999997287
-65.3500000000051 -82.80000000000041
-65.85000000000507 -82.75000000000041
-65.90000000000506 -82.75000000000041
-66.40000000000504 -82.70000000000041
-66.45000000000503 -82.70000000000041
-66.80000000000501 27.099999999997273
-66.90000000000501 -82.65000000000042
-66.950000000005 -82.65000000000042
-66.950000000005 26.99999999999727
-67.100000000005 26.89999999999727
-67.40000000000498 -82.60000000000042
-67.45000000000498 -82.60000000000042
-67.45000000000498 26.649999999997267
-67.80000000000496 26.399999999997263
-67.90000000000495 -82.55000000000042
-68.15000000000494 26.14999999999726
-68.35000000000493 -82.50000000000043
-68.35000000000493 25.999999999997257
-68.40000000000492 -82.50000000000043
-68.55000000000491 25.849999999997255
-68.7500000000049 25.699999999997253
-68.8000000000049 -82.45000000000043
-68.8500000000049 -82.45000000000043
-68.95000000000489 25.54999999999725
-69.15000000000488 25.39999999999725
-69.25000000000487 -82.40000000000043
-69.30000000000487 -82.40000000000043
-69.60000000000485 25.049999999997244
-69.70000000000485 -82.35000000000043
-69.75000000000485 -82.35000000000043
-69.85000000000484 24.84999999999724
-70.05000000000483 24.69999999999724
-70.15000000000482 -82.30000000000044
-70.5500000000048 -82.25000000000044
-70.6000000000048 -82.25000000000044
-70.6000000000048 24.249999999997232
-70.85000000000478 24.04999999999723
-70.95000000000478 -82.20000000000044
-71.00000000000477 -82.20000000000044
-71.15000000000477 23.799999999997226
-71.35000000000475 -82.15000000000045
-71.40000000000475 -82.15000000000045
-71.50000000000475 23.499999999997222
-71.75000000000473 -82.10000000000045
-71.80000000000473 -82.10000000000045
-71.80000000000473 23.24999999999722
-71.85000000000473 23.199999999997218
-72.15000000000471 -82.05000000000045
-72.2000000000047 22.899999999997213
-72.55000000000469 -82.00000000000045
-72.65000000000468 22.499999999997208
-72.90000000000467 -81.95000000000046
-73.15000000000465 22.0499999999972
-73.20000000000465 21.9999999999972
-73.25000000000465 -81.90000000000046
-73.60000000000463 -81.85000000000046
-73.65000000000462 -81.85000000000046
-73.85000000000461 21.399999999997192
-73.90000000000461 21.34999999999719
-73.95000000000461 -81.80000000000047
-73.95000000000461 21.29999999999719
-74.0000000000046 -81.80000000000047
-74.30000000000459 -81.75000000000047
-74.65000000000457 -81.70000000000047
-74.95000000000455 -81.65000000000047
-75.00000000000455 -81.65000000000047
-75.30000000000453 -81.60000000000048
-75.60000000000451 -81.55000000000048
-75.9000000000045 -81.50000000000048
-75.9500000000045 -81.50000000000048
-76.20000000000448 -81.45000000000049
-76.25000000000448 -81.45000000000049
-76.25000000000448 18.999999999997158
-76.30000000000447 18.949999999997157
-76.35000000000447 18.899999999997156
-76.40000000000447 18.849999999997156
-76.50000000000446 -81.40000000000049
-76.55000000000446 -81.40000000000049
-76.80000000000445 -81.35000000000049
-76.85000000000444 -81.35000000000049
-77.00000000000443 18.199999999997146
-77.05000000000443 18.149999999997146
-77.10000000000443 -81.3000000000005
-77.40000000000441 -81.2500000000005
-77.5000000000044 17.64999999999714
-77.5500000000044 17.599999999997138
-77.6500000000044 -81.2000000000005
-77.7000000000044 -81.2000000000005
-77.90000000000438 17.199999999997132
-77.95000000000438 -81.1500000000005
-77.95000000000438 17.14999999999713
-78.20000000000437 -81.1000000000005
-78.25000000000436 16.799999999997127
-78.50000000000435 -81.05000000000051
-78.55000000000435 16.44999999999712
-78.60000000000434 16.39999999999712
-78.75000000000433 -81.00000000000051
-78.85000000000433 16.099999999997117
-79.00000000000432 -80.95000000000051
-79.10000000000431 15.799999999997114
-79.2500000000043 -80.90000000000052
-79.3500000000043 15.49999999999711
-79.50000000000429 -80.85000000000052
-79.60000000000429 15.199999999997106
-79.75000000000428 -80.80000000000052
-79.80000000000427 14.949999999997102
-80.00000000000426 -80.75000000000053
-80.00000000000426 14.699999999997098
-80.20000000000425 14.449999999997095
-80.25000000000425 -80.70000000000053
-80.40000000000424 14.199999999997091
-80.50000000000423 -80.65000000000053
-80.55000000000423 13.999999999997089
-80.70000000000422 -80.60000000000053
-80.75000000000422 13.749999999997085
-80.90000000000421 13.549999999997082
-80.95000000000421 -80.55000000000054
-81.1500000000042 -80.50000000000054
-81.40000000000418 -80.45000000000054
-81.60000000000417 -80.40000000000055
-81.80000000000416 -80.35000000000055
-81.80000000000416 12.349999999997065
-81.95000000000415 12.149999999997062
-82.05000000000415 -80.30000000000055
-82.20000000000414 11.799999999997057
-82.25000000000414 -80.25000000000055
-82.35000000000413 11.599999999997054
-82.45000000000412 -80.20000000000056
-82.60000000000412 11.24999999999705
-82.65000000000411 -80.15000000000056
-82.70000000000411 11.099999999997047
-82.8500000000041 -80.10000000000056
-82.9500000000041 10.749999999997042
-83.05000000000409 -80.05000000000057
-83.05000000000409 10.59999999999704
-83.25000000000408 -80.00000000000057
-83.45000000000407 -79.95000000000057
-83.50000000000406 9.949999999997031
-83.60000000000406 9.799999999997029
-83.65000000000406 -79.90000000000057
-83.70000000000405 9.649999999997027
-83.80000000000405 -79.85000000000058
-83.80000000000405 9.499999999997025
-83.90000000000404 9.349999999997022
-84.00000000000404 -79.80000000000058
-84.00000000000404 9.19999999999702
-84.10000000000403 9.049999999997018
-84.20000000000402 -79.75000000000058
-84.20000000000402 8.899999999997016
-84.35000000000402 -79.70000000000059
-84.550000000004 -79.65000000000059
-84.650000000004 8.199999999997006
-84.750000000004 8.049999999997004
-84.90000000000398 -79.5500000000006
-85.00000000000398 7.649999999997005
-85.05000000000398 -79.5000000000006
-85.25000000000396 -79.4500000000006
-85.25000000000396 7.249999999997007
-85.40000000000396 -79.4000000000006
-85.50000000000395 6.849999999997008
-85.65000000000394 6.599999999997009
-85.75000000000394 -79.30000000000061
-85.80000000000393 6.34999999999701
-85.90000000000393 -79.25000000000061
-85.95000000000393 6.099999999997011
-86.05000000000392 -79.20000000000061
-86.10000000000392 5.849999999997012
-86.20000000000391 -79.15000000000062
-86.25000000000391 5.599999999997013
-86.3500000000039 -79.10000000000062
-86.4000000000039 5.349999999997014
-86.60000000000389 4.999999999997015
-86.75000000000388 4.749999999997016
-86.95000000000387 4.399999999997017
-87.15000000000386 4.049999999997018
-87.25000000000385 -78.80000000000064
-87.40000000000384 -78.75000000000064
-87.40000000000384 3.59999999999702
-87.55000000000383 -78.70000000000064
-87.65000000000383 3.1499999999970214
-87.70000000000383 -78.65000000000065
-87.90000000000381 2.699999999997023
-87.95000000000381 -78.55000000000065
-87.95000000000381 2.5999999999970234
-88.1000000000038 -78.50000000000065
-88.2500000000038 -78.45000000000066
-88.2500000000038 2.0499999999970253
-88.30000000000379 1.9499999999970252
-88.50000000000378 -78.35000000000066
-88.70000000000377 1.1999999999970246
-88.75000000000377 -78.25000000000067
-88.75000000000377 1.0999999999970245
-88.80000000000376 0.9999999999970245
-88.85000000000376 0.8999999999970244
-88.90000000000376 -78.20000000000067
-89.00000000000375 -78.15000000000067
-89.15000000000374 -78.10000000000068
-89.25000000000374 -78.05000000000068
-89.50000000000372 -77.95000000000068
-89.75000000000371 -77.85000000000069
-89.8500000000037 -77.8000000000007
-90.10000000000369 -77.7000000000007
-90.10000000000369 -1.6000000000029768
-90.15000000000369 -1.700000000002977
-90.20000000000368 -77.6500000000007
-90.20000000000368 -1.800000000002977
-90.25000000000368 -1.900000000002977
-90.30000000000368 -77.6000000000007
-90.65000000000366 -77.45000000000071
-90.65000000000366 -2.7500000000029745
-90.70000000000366 -2.850000000002974
-90.75000000000365 -77.40000000000072
-90.85000000000365 -77.35000000000072
-90.95000000000364 -77.30000000000072
-91.00000000000364 -3.500000000002972
-91.05000000000364 -77.25000000000072
-91.15000000000363 -77.20000000000073
-91.25000000000362 -4.05000000000297
-91.30000000000362 -4.1500000000029695
-91.50000000000361 -4.600000000002968
-91.7000000000036 -5.050000000002966
-91.7500000000036 -76.90000000000074
-91.85000000000359 -76.85000000000075
-91.90000000000359 -5.500000000002965
-91.95000000000358 -76.80000000000075
-92.05000000000358 -76.75000000000075
-92.05000000000358 -5.8500000000029635
-92.15000000000357 -76.70000000000076
-92.20000000000357 -6.200000000002962
-92.25000000000357 -76.65000000000076
-92.35000000000356 -6.550000000002961
-92.50000000000355 -76.50000000000077
-92.50000000000355 -6.90000000000296
-92.60000000000355 -76.45000000000077
-92.65000000000354 -7.2500000000029585
-92.70000000000354 -76.40000000000077
-92.75000000000354 -7.500000000002958
-92.85000000000353 -76.30000000000078
-92.90000000000353 -7.850000000002956
-92.95000000000353 -76.25000000000078
-93.00000000000352 -8.100000000002957
-93.10000000000352 -8.35000000000296
-93.20000000000351 -76.10000000000079
-93.20000000000351 -8.600000000002964
-93.4500000000035 -75.9500000000008
-93.60000000000349 -75.8500000000008
-93.60000000000349 -9.600000000002979
-93.70000000000348 -75.80000000000081
-93.70000000000348 -9.850000000002982
-93.80000000000348 -10.100000000002986
-93.85000000000348 -75.70000000000081
-93.90000000000347 -10.35000000000299
-94.00000000000347 -75.60000000000082
-94.05000000000346 -10.750000000002995
-94.15000000000346 -75.50000000000082
-94.15000000000346 -11.000000000002998
-94.30000000000345 -75.40000000000083
-94.30000000000345 -11.400000000003004
-94.45000000000344 -75.30000000000084
-94.45000000000344 -11.80000000000301
-94.60000000000343 -75.20000000000084
-94.60000000000343 -12.200000000003016
-94.65000000000343 -75.15000000000084
-94.75000000000342 -12.600000000003021
-94.80000000000342 -75.05000000000085
-94.80000000000342 -12.750000000003023
-94.95000000000341 -13.150000000003029
-95.00000000000341 -74.90000000000086
-95.00000000000341 -13.300000000003031
-95.1500000000034 -74.80000000000086
-95.2000000000034 -74.75000000000087
-95.2000000000034 -13.850000000003039
-95.2500000000034 -14.000000000003041
-95.40000000000339 -74.60000000000088
-95.45000000000339 -74.55000000000088
-95.45000000000339 -14.550000000003049
-95.50000000000338 -14.700000000003051
-95.55000000000338 -14.850000000003053
-95.60000000000338 -74.45000000000088
-95.65000000000337 -74.40000000000089
-95.70000000000337 -74.35000000000089
-95.90000000000336 -74.2000000000009
-95.95000000000336 -74.1500000000009
-96.00000000000335 -16.15000000000307
-96.05000000000335 -16.300000000003074
-96.10000000000335 -16.450000000003076
-96.15000000000335 -16.600000000003078
-96.20000000000334 -73.95000000000091
-96.20000000000334 -16.75000000000308
-96.25000000000334 -73.90000000000092
-96.25000000000334 -16.900000000003082
-96.30000000000334 -73.85000000000092
-96.30000000000334 -17.050000000003084
-96.35000000000333 -73.80000000000092
-96.35000000000333 -17.200000000003087
-96.70000000000331 -73.50000000000094
-96.70000000000331 -18.300000000003102
-96.75000000000331 -73.45000000000094
-96.75000000000331 -18.450000000003104
-96.80000000000331 -73.40000000000094
-96.80000000000331 -18.600000000003106
-96.8500000000033 -73.35000000000095
-96.8500000000033 -18.75000000000311
-96.9000000000033 -73.30000000000095
-96.9500000000033 -73.25000000000095
-97.0000000000033 -73.20000000000095
-97.0500000000033 -73.15000000000096
-97.0500000000033 -19.400000000003118
-97.10000000000329 -73.10000000000096
-97.10000000000329 -19.55000000000312
-97.15000000000329 -73.05000000000096
-97.20000000000329 -73.00000000000097
-97.25000000000328 -72.95000000000097
-97.25000000000328 -20.050000000003127
-97.30000000000328 -72.90000000000097
-97.30000000000328 -20.20000000000313
-97.35000000000328 -72.85000000000097
-97.40000000000327 -72.80000000000098
-97.45000000000327 -72.75000000000098
-97.45000000000327 -20.700000000003136
-97.50000000000327 -72.70000000000098
-97.55000000000327 -72.65000000000099
-97.60000000000326 -21.200000000003143
-97.70000000000326 -21.55000000000315
-97.75000000000325 -21.70000000000315
-97.85000000000325 -72.300000000001
-97.85000000000325 -22.050000000003156
-97.90000000000325 -72.25000000000101
-97.95000000000324 -72.20000000000101
-97.95000000000324 -22.40000000000316
-98.00000000000324 -72.15000000000101
-98.05000000000324 -22.750000000003165
-98.15000000000323 -23.10000000000317
-98.20000000000323 -71.90000000000103
-98.25000000000323 -71.85000000000103
-98.25000000000323 -23.450000000003175
-98.35000000000322 -23.80000000000318
-98.40000000000322 -71.65000000000104
-98.45000000000321 -71.60000000000105
-98.45000000000321 -24.150000000003185
-98.50000000000321 -71.55000000000105
-98.50000000000321 -24.350000000003188
-98.6000000000032 -71.40000000000106
-98.6000000000032 -24.700000000003193
-98.6500000000032 -71.35000000000106
-98.6500000000032 -24.900000000003196
-98.7500000000032 -71.20000000000107
-98.7500000000032 -25.2500000000032
-98.8000000000032 -71.15000000000107
-98.8000000000032 -25.450000000003204
-98.85000000000319 -25.650000000003207
-98.90000000000319 -71.00000000000108
-98.95000000000319 -70.95000000000108
-99.00000000000318 -26.200000000003214
-99.05000000000318 -70.80000000000109
-99.05000000000318 -26.400000000003217
-99.10000000000318 -26.60000000000322
-99.15000000000317 -70.6500000000011
-99.20000000000317 -70.6000000000011
-99.30000000000317 -70.45000000000111
-99.40000000000316 -70.30000000000112
-99.45000000000316 -70.20000000000113
-99.50000000000315 -70.15000000000113
-99.55000000000315 -70.05000000000113
-99.65000000000315 -69.90000000000114
-99.70000000000314 -29.000000000003254
-99.75000000000314 -69.75000000000115
-99.75000000000314 -29.200000000003257
-99.80000000000314 -69.65000000000116
-99.80000000000314 -29.40000000000326
-99.85000000000313 -29.600000000003263
-99.90000000000313 -69.50000000000117
-99.95000000000313 -69.40000000000117
-99.95000000000313 -30.05000000000327
-100.00000000000313 -69.30000000000118
-100.00000000000313 -30.250000000003272
-100.05000000000312 -30.450000000003275
-100.10000000000312 -69.15000000000119
-100.15000000000312 -69.05000000000119
-100.15000000000312 -30.90000000000328
-100.20000000000312 -68.9500000000012
-100.25000000000311 -68.8500000000012
-100.25000000000311 -31.350000000003288
-100.30000000000311 -68.75000000000121
-100.30000000000311 -31.55000000000329
-100.3500000000031 -31.800000000003294
-100.4000000000031 -32.0000000000033
-100.4500000000031 -32.25000000000328
-100.5500000000031 -32.70000000000326
-100.60000000000309 -32.95000000000324
-100.65000000000309 -68.05000000000125
-100.65000000000309 -33.15000000000323
-100.70000000000309 -67.95000000000125
-100.70000000000309 -33.40000000000322
-100.75000000000308 -67.85000000000126
-100.75000000000308 -33.6500000000032
-100.80000000000308 -67.75000000000126
-100.80000000000308 -33.90000000000319
-100.85000000000308 -67.65000000000127
-100.90000000000308 -67.50000000000128
-100.95000000000307 -67.40000000000128
-100.95000000000307 -34.60000000000315
-101.00000000000307 -67.30000000000129
-101.00000000000307 -34.850000000003135
-101.05000000000307 -67.1500000000013
-101.05000000000307 -35.10000000000312
-101.10000000000306 -67.0500000000013
-101.20000000000306 -66.80000000000132
-101.20000000000306 -35.900000000003075
-101.25000000000306 -66.65000000000133
-101.25000000000306 -36.15000000000306
-101.30000000000305 -66.55000000000133
-101.30000000000305 -36.40000000000305
-101.35000000000305 -66.40000000000134
-101.35000000000305 -36.70000000000303
-101.40000000000305 -66.25000000000135
-101.40000000000305 -36.950000000003016
-101.45000000000304 -66.15000000000136
-101.50000000000304 -66.00000000000136
-101.50000000000304 -37.500000000002984
-101.55000000000304 -65.85000000000137
-101.55000000000304 -37.80000000000297
-101.60000000000304 -65.70000000000138
-101.60000000000304 -38.05000000000295
-101.65000000000303 -65.55000000000139
-101.65000000000303 -38.350000000002936
-101.70000000000303 -65.4000000000014
-101.70000000000303 -38.65000000000292
-101.75000000000303 -65.2500000000014
-101.75000000000303 -38.9500000000029
-101.80000000000302 -65.10000000000142
-101.80000000000302 -39.250000000002885
-101.85000000000302 -64.90000000000143
-101.85000000000302 -39.55000000000287
-101.90000000000302 -64.75000000000144
-101.90000000000302 -39.85000000000285
-101.95000000000302 -64.55000000000145
-101.95000000000302 -40.150000000002834
-102.00000000000301 -64.40000000000146
-102.00000000000301 -40.500000000002814
-102.00000000000301 -40.45000000000282
-102.05000000000301 -64.20000000000147
-102.05000000000301 -40.8000000000028
-102.100000000003 -64.00000000000148
-102.100000000003 -41.15000000000278
-102.100000000003 -41.10000000000278
-102.150000000003 -63.80000000000149
-102.150000000003 -41.45000000000276
-102.200000000003 -63.6000000000015
-102.200000000003 -41.80000000000274
-102.250000000003 -63.40000000000151
-102.250000000003 -42.15000000000272
-102.300000000003 -63.20000000000152
-102.300000000003 -42.5000000000027
-102.35000000000299 -62.95000000000154
-102.35000000000299 -42.90000000000268
-102.35000000000299 -42.85000000000268
-102.40000000000299 -62.75000000000155
-102.40000000000299 -62.70000000000155
-102.40000000000299 -43.25000000000266
-102.45000000000299 -62.50000000000156
-102.45000000000299 -62.450000000001566
-102.45000000000299 -43.650000000002635
-102.50000000000298 -62.25000000000158
-102.50000000000298 -62.20000000000158
-102.50000000000298 -44.05000000000261
-102.50000000000298 -44.000000000002615
-102.55000000000298 -61.950000000001594
-102.55000000000298 -44.45000000000259
-102.60000000000298 -61.70000000000161
-102.60000000000298 -61.65000000000161
-102.60000000000298 -44.900000000002564
-102.60000000000298 -44.85000000000257
-102.65000000000298 -61.400000000001626
-102.65000000000298 -61.35000000000163
-102.65000000000298 -45.30000000000254
-102.70000000000297 -61.10000000000164
-102.70000000000297 -61.050000000001646
-102.70000000000297 -45.750000000002515
-102.75000000000297 -60.75000000000166
-102.75000000000297 -60.700000000001666
-102.75000000000297 -46.25000000000249
-102.75000000000297 -46.20000000000249
-102.80000000000297 -60.40000000000168
-102.80000000000297 -60.350000000001685
-102.80000000000297 -46.75000000000246
-102.80000000000297 -46.70000000000246
-102.85000000000296 -60.0500000000017
-102.85000000000296 -60.000000000001705
-102.85000000000296 -59.95000000000171
-102.85000000000296 -47.30000000000243
-102.85000000000296 -47.25000000000243
-102.90000000000296 -59.60000000000173
-102.90000000000296 -59.55000000000173
-102.90000000000296 -47.850000000002396
-102.90000000000296 -47.8000000000024
-102.95000000000296 -59.150000000001754
-102.95000000000296 -59.10000000000176
-102.95000000000296 -59.05000000000176
-102.95000000000296 -48.45000000000236
-102.95000000000296 -48.400000000002365
-103.00000000000296 -58.65000000000178
-103.00000000000296 -58.600000000001785
-103.00000000000296 -58.55000000000179
-103.00000000000296 -49.15000000000232
-103.00000000000296 -49.100000000002325
-103.00000000000296 -49.05000000000233
-103.05000000000295 -58.050000000001816
-103.05000000000295 -58.00000000000182
-103.05000000000295 -57.95000000000182
-103.05000000000295 -57.900000000001825
-103.05000000000295 -49.90000000000228
-103.05000000000295 -49.85000000000228
-103.05000000000295 -49.800000000002285
-103.10000000000295 -57.30000000000186
-103.10000000000295 -57.25000000000186
-103.10000000000295 -57.200000000001864
-103.10000000000295 -57.15000000000187
-103.10000000000295 -50.850000000002225
-103.10000000000295 -50.80000000000223
-103.10000000000295 -50.75000000000223
-103.10000000000295 -50.700000000002234
-103.15000000000295 -56.300000000001916
-103.15000000000295 -56.25000000000192
-103.15000000000295 -56.20000000000192
-103.15000000000295 -56.150000000001924
-103.15000000000295 -56.10000000000193
-103.15000000000295 -56.05000000000193
-103.15000000000295 -56.00000000000193
-103.15000000000295 -52.100000000002154
-103.15000000000295 -52.05000000000216
-103.15000000000295 -52.00000000000216
-103.15000000000295 -51.95000000000216
-103.15000000000295 -51.900000000002166
-103.15000000000295 -51.85000000000217
