-58.65000000000548 -30.20000000000327
-58.65000000000548 -30.15000000000327
-58.65000000000548 -30.10000000000327
-58.65000000000548 -30.05000000000327
-58.65000000000548 -30.00000000000327
-58.65000000000548 -29.950000000003268
-58.65000000000548 -27.40000000000323
-58.65000000000548 -27.35000000000323
-58.65000000000548 -27.30000000000323
-58.65000000000548 -27.25000000000323
-58.65000000000548 -27.20000000000323
-58.65000000000548 -27.150000000003228
-58.700000000005474 -31.100000000003284
-58.700000000005474 -31.050000000003283
-58.700000000005474 -31.000000000003283
-58.700000000005474 -26.300000000003216
-58.700000000005474 -26.250000000003215
-58.700000000005474 -26.200000000003214
-58.75000000000547 -31.800000000003294
-58.75000000000547 -31.750000000003293
-58.75000000000547 -31.700000000003293
-58.75000000000547 -25.550000000003205
-58.75000000000547 -25.500000000003205
-58.80000000000547 -32.30000000000328
-58.80000000000547 -32.25000000000328
-58.80000000000547 -25.000000000003197
-58.80000000000547 -24.950000000003197
-58.80000000000547 -24.900000000003196
-58.850000000005465 -32.80000000000325
-58.850000000005465 -32.750000000003254
-58.850000000005465 -24.45000000000319
-58.850000000005465 -24.40000000000319
-58.90000000000546 -33.20000000000323
-58.90000000000546 -33.15000000000323
-58.90000000000546 -24.000000000003183
-58.90000000000546 -23.950000000003183
-58.95000000000546 -33.55000000000321
-58.95000000000546 -23.600000000003178
-58.95000000000546 -23.550000000003177
-59.00000000000546 -33.90000000000319
-59.00000000000546 -23.200000000003172
-59.00000000000546 -23.15000000000317
-59.050000000005454 -34.25000000000317
-59.050000000005454 -34.20000000000317
-59.050000000005454 -22.850000000003167
-59.050000000005454 -22.800000000003166
-59.10000000000545 -34.55000000000315
-59.10000000000545 -34.500000000003155
-59.10000000000545 -22.500000000003162
-59.10000000000545 -22.45000000000316
-59.15000000000545 -34.850000000003135
-59.15000000000545 -34.80000000000314
-59.15000000000545 -22.150000000003157
-59.200000000005446 -35.10000000000312
-59.200000000005446 -21.850000000003153
-59.25000000000544 -35.35000000000311
-59.25000000000544 -21.55000000000315
-59.30000000000544 -35.60000000000309
-59.30000000000544 -21.250000000003144
-59.35000000000544 -35.85000000000308
-59.35000000000544 -21.00000000000314
-59.400000000005434 -36.100000000003064
-59.400000000005434 -36.05000000000307
-59.400000000005434 -20.750000000003137
-59.400000000005434 -20.700000000003136
-59.45000000000543 -36.30000000000305
-59.45000000000543 -20.450000000003133
-59.50000000000543 -36.50000000000304
-59.50000000000543 -20.20000000000313
-59.550000000005426 -36.70000000000303
-59.550000000005426 -19.950000000003126
-59.60000000000542 -36.90000000000302
-59.60000000000542 -19.750000000003123
-59.65000000000542 -37.10000000000301
-59.65000000000542 -19.50000000000312
-59.70000000000542 -37.300000000002996
-59.70000000000542 -19.300000000003116
-59.750000000005414 -37.500000000002984
-59.750000000005414 -19.050000000003113
-59.80000000000541 -18.85000000000311
-59.85000000000541 -37.850000000002964
-59.85000000000541 -18.650000000003107
-59.9500000000054 -38.200000000002944
-60.0000000000054 -38.350000000002936
-60.0500000000054 -38.50000000000293
-60.100000000005394 -17.650000000003093
-60.15000000000539 -17.45000000000309
-60.20000000000539 -17.250000000003087
-60.30000000000538 -16.900000000003082
-60.35000000000538 -39.400000000002876
-60.40000000000538 -39.55000000000287
-60.40000000000538 -16.550000000003077
-60.450000000005375 -39.70000000000286
-60.50000000000537 -39.85000000000285
-60.50000000000537 -16.200000000003072
-60.600000000005366 -40.10000000000284
-60.600000000005366 -15.850000000003067
-60.65000000000536 -15.700000000003065
-60.70000000000536 -40.35000000000282
-60.70000000000536 -15.550000000003063
-60.75000000000536 -40.500000000002814
-60.800000000005355 -40.60000000000281
-60.90000000000535 -40.850000000002794
-60.90000000000535 -14.900000000003054
-60.950000000005346 -14.750000000003052
-61.00000000000534 -41.10000000000278
-61.00000000000534 -14.60000000000305
-61.05000000000534 -41.200000000002774
-61.05000000000534 -14.450000000003048
-61.10000000000534 -14.300000000003045
-61.20000000000533 -41.550000000002754
-61.25000000000533 -41.65000000000275
-61.300000000005326 -41.75000000000274
-61.300000000005326 -13.750000000003038
-61.35000000000532 -13.600000000003035
-61.40000000000532 -13.450000000003033
-61.55000000000531 -42.30000000000271
-61.55000000000531 -13.050000000003028
-61.60000000000531 -42.400000000002706
-61.650000000005306 -42.5000000000027
-61.7000000000053 -42.600000000002694
-61.7000000000053 -12.650000000003022
-61.7500000000053 -42.70000000000269
-61.8000000000053 -12.400000000003018
-61.90000000000529 -12.150000000003015
-61.95000000000529 -12.000000000003013
-62.050000000005284 -43.25000000000266
-62.050000000005284 -11.75000000000301
-62.10000000000528 -43.35000000000265
-62.10000000000528 -11.650000000003008
-62.15000000000528 -43.450000000002646
-62.200000000005275 -11.400000000003004
-62.30000000000527 -43.70000000000263
-62.30000000000527 -11.150000000003
-62.35000000000527 -43.800000000002626
-62.45000000000526 -10.800000000002996
-62.50000000000526 -44.05000000000261
-62.60000000000525 -10.45000000000299
-62.65000000000525 -44.3000000000026
-62.65000000000525 -10.35000000000299
-62.80000000000524 -44.55000000000258
-62.80000000000524 -10.000000000002984
-62.85000000000524 -9.900000000002983
-62.900000000005235 -44.700000000002575
-63.00000000000523 -44.85000000000257
-63.100000000005224 -9.350000000002975
-63.15000000000522 -45.10000000000255
-63.15000000000522 -9.250000000002974
-63.20000000000522 -9.150000000002972
-63.250000000005215 -45.250000000002544
-63.5000000000052 -45.600000000002524
-63.600000000005195 -45.750000000002515
-63.70000000000519 -45.90000000000251
-63.75000000000519 -45.950000000002504
-63.85000000000518 -46.100000000002495
-64.00000000000517 -46.300000000002484
-64.05000000000517 -7.450000000002958
-64.10000000000517 -7.350000000002958
-64.15000000000516 -46.50000000000247
-64.15000000000516 -7.2500000000029585
-64.20000000000516 -7.150000000002959
-64.30000000000516 -46.70000000000246
-64.35000000000515 -46.75000000000246
-64.45000000000515 -6.7000000000029605
-64.50000000000514 -46.95000000000245
-64.50000000000514 -6.600000000002961
-64.55000000000514 -47.000000000002444
-64.70000000000513 -47.20000000000243
-64.70000000000513 -6.250000000002962
-64.75000000000513 -47.25000000000243
-64.75000000000513 -6.150000000002962
-64.95000000000512 -47.500000000002416
-64.95000000000512 -5.800000000002964
-65.00000000000512 -47.55000000000241
-65.05000000000511 -47.60000000000241
-65.10000000000511 -5.550000000002965
-65.15000000000511 -5.450000000002965
-65.3000000000051 -47.90000000000239
-65.3000000000051 -5.200000000002966
-65.3500000000051 -47.95000000000239
-65.4000000000051 -48.00000000000239
-65.45000000000509 -4.950000000002967
-65.60000000000508 -4.700000000002968
-65.70000000000508 -4.550000000002968
-65.80000000000507 -48.45000000000236
-65.85000000000507 -48.50000000000236
-65.85000000000507 -4.300000000002969
-65.90000000000506 -48.550000000002356
-65.95000000000506 -48.60000000000235
-65.95000000000506 -4.1500000000029695
-66.00000000000506 -48.65000000000235
-66.05000000000506 -48.70000000000235
-66.20000000000505 -3.750000000002971
-66.30000000000504 -3.6000000000029715
-66.40000000000504 -3.450000000002972
-66.50000000000503 -3.3000000000029726
-66.60000000000502 -3.150000000002973
-66.70000000000502 -49.35000000000231
-66.70000000000502 -3.0000000000029736
-66.75000000000502 -49.40000000000231
-66.80000000000501 -49.450000000002305
-66.80000000000501 -2.850000000002974
-66.85000000000501 -49.5000000000023
-66.90000000000501 -49.5500000000023
-66.90000000000501 -2.7000000000029747
-66.950000000005 -49.6000000000023
-67.000000000005 -49.650000000002294
-67.150000000005 -2.350000000002976
-67.25000000000499 -2.2000000000029765
-67.45000000000498 -50.05000000000227
-67.50000000000497 -50.10000000000227
-67.50000000000497 -1.850000000002977
-67.55000000000497 -50.150000000002265
-67.65000000000497 -1.6500000000029769
-67.85000000000495 -50.40000000000225
-67.90000000000495 -50.45000000000225
-67.90000000000495 -1.3000000000029766
-68.05000000000494 -1.1000000000029764
-68.20000000000493 -50.700000000002234
-68.20000000000493 -0.9000000000029762
-68.25000000000493 -50.75000000000223
-68.40000000000492 -0.650000000002976
-68.45000000000492 -50.90000000000222
-68.50000000000492 -50.95000000000222
-68.55000000000491 -0.45000000000297585
-68.7500000000049 -51.15000000000221
-68.7500000000049 -0.2000000000029759
-68.95000000000489 -51.3000000000022
-68.95000000000489 0.04999999999702409
-69.00000000000489 -51.3500000000022
-69.15000000000488 0.2999999999970241
-69.20000000000488 -51.50000000000219
-69.20000000000488 0.3499999999970241
-69.40000000000487 -51.65000000000218
-69.40000000000487 0.5999999999970241
-69.55000000000486 -51.750000000002174
-69.60000000000485 -51.80000000000217
-69.65000000000485 0.8999999999970244
-69.70000000000485 0.9499999999970244
-69.75000000000485 -51.900000000002166
-69.95000000000483 -52.05000000000216
-69.95000000000483 1.2499999999970246
-70.00000000000483 1.2999999999970246
-70.10000000000483 -52.15000000000215
-70.25000000000482 -52.250000000002146
-70.30000000000481 1.649999999997025
-70.35000000000481 1.699999999997025
-70.40000000000481 1.749999999997025
-70.4500000000048 -52.40000000000214
-70.6000000000048 -52.50000000000213
-70.75000000000479 -52.600000000002126
-70.80000000000479 2.199999999997025
-70.85000000000478 2.2499999999970246
-70.90000000000478 -52.70000000000212
-70.90000000000478 2.2999999999970244
-71.15000000000477 -52.85000000000211
-71.30000000000476 -52.950000000002106
-71.45000000000475 -53.0500000000021
-71.65000000000474 3.0999999999970216
-71.70000000000474 -53.20000000000209
-71.70000000000474 3.1499999999970214
-71.75000000000473 3.1999999999970212
-71.80000000000473 3.249999999997021
-71.85000000000473 3.299999999997021
-71.90000000000472 3.3499999999970207
-71.95000000000472 -53.35000000000208
-71.95000000000472 3.3999999999970205
-72.00000000000472 3.4499999999970203
-72.05000000000472 3.49999999999702
-72.10000000000471 3.54999999999702
-72.15000000000471 3.59999999999702
-72.2000000000047 -53.500000000002075
-72.2000000000047 3.6499999999970196
-72.2500000000047 3.6999999999970195
-72.3000000000047 3.7499999999970193
-72.3500000000047 3.799999999997019
-72.45000000000469 -53.650000000002066
-72.55000000000469 -53.70000000000206
-72.80000000000467 -53.850000000002055
-72.90000000000467 -53.90000000000205
-73.00000000000466 -53.95000000000205
-73.15000000000465 4.549999999997016
-73.20000000000465 4.599999999997016
-73.25000000000465 4.649999999997016
-73.30000000000464 4.699999999997016
-73.35000000000464 -54.15000000000204
-73.45000000000464 -54.200000000002035
-73.55000000000463 -54.25000000000203
-73.65000000000462 -54.30000000000203
-73.70000000000462 5.049999999997015
-73.75000000000462 5.0999999999970145
-73.80000000000462 5.149999999997014
-74.1500000000046 5.449999999997013
-74.2000000000046 5.499999999997013
-74.50000000000458 5.749999999997012
-74.55000000000457 5.799999999997012
-74.80000000000456 5.999999999997011
-74.85000000000456 6.049999999997011
-74.95000000000455 -54.95000000000199
-75.05000000000454 -55.00000000000199
-75.10000000000454 6.24999999999701
-75.15000000000454 -55.05000000000199
-75.25000000000453 -55.100000000001984
-75.35000000000453 6.44999999999701
-75.60000000000451 6.649999999997009
-75.70000000000451 -55.30000000000197
-75.8000000000045 -55.35000000000197
-75.8500000000045 6.849999999997008
-76.05000000000449 6.999999999997008
-76.15000000000448 -55.50000000000196
-76.25000000000448 -55.55000000000196
-76.25000000000448 7.149999999997007
-76.45000000000447 7.299999999997007
-76.50000000000446 -55.65000000000195
-76.65000000000445 7.449999999997006
-76.85000000000444 -55.800000000001944
-76.85000000000444 7.599999999997006
-77.10000000000443 -55.90000000000194
-77.20000000000442 7.849999999997005
-77.35000000000441 -56.00000000000193
-77.5500000000044 8.099999999997005
-77.6000000000044 -56.10000000000193
-77.7000000000044 8.199999999997006
-77.85000000000439 -56.20000000000192
-77.85000000000439 8.299999999997008
-78.00000000000438 -56.25000000000192
-78.00000000000438 8.399999999997009
-78.25000000000436 -56.35000000000191
-78.30000000000436 8.599999999997012
-78.40000000000435 -56.40000000000191
-78.45000000000435 8.699999999997013
-78.60000000000434 8.799999999997015
-78.75000000000433 8.899999999997016
-78.80000000000433 -56.5500000000019
-78.90000000000433 8.999999999997017
-78.95000000000432 -56.6000000000019
-79.10000000000431 -56.650000000001896
-79.15000000000431 9.14999999999702
-79.2500000000043 -56.70000000000189
-79.3000000000043 9.249999999997021
-79.55000000000429 9.399999999997023
-79.80000000000427 9.549999999997025
-80.05000000000426 9.699999999997027
-80.15000000000425 -57.000000000001876
-80.30000000000425 -57.05000000000187
-80.40000000000424 9.89999999999703
-80.45000000000424 -57.10000000000187
-80.60000000000423 -57.15000000000187
-80.75000000000422 10.099999999997033
-81.1000000000042 -57.30000000000186
-81.2000000000042 10.349999999997037
-81.25000000000419 -57.350000000001856
-81.30000000000419 10.399999999997037
-81.45000000000418 -57.40000000000185
-81.60000000000417 -57.45000000000185
-81.95000000000415 -57.550000000001845
-81.95000000000415 10.749999999997042
-82.05000000000415 10.799999999997043
-82.15000000000414 -57.60000000000184
-82.15000000000414 10.849999999997044
-82.25000000000414 10.899999999997044
-82.30000000000413 -57.65000000000184
-82.35000000000413 10.949999999997045
-82.45000000000412 10.999999999997046
-82.50000000000412 -57.700000000001836
-82.55000000000412 11.049999999997047
-82.65000000000411 11.099999999997047
-82.70000000000411 -57.75000000000183
-82.7500000000041 11.149999999997048
-82.8500000000041 11.199999999997049
-83.05000000000409 -57.85000000000183
-83.25000000000408 -57.900000000001825
-83.45000000000407 -57.95000000000182
-83.50000000000406 11.499999999997053
-83.60000000000406 11.549999999997054
-83.65000000000406 -58.00000000000182
-83.85000000000404 -58.050000000001816
-84.05000000000403 11.749999999997057
-84.30000000000402 -58.15000000000181
-84.40000000000401 11.899999999997059
-84.50000000000401 -58.20000000000181
-84.50000000000401 11.94999999999706
-84.700000000004 -58.250000000001805
-84.750000000004 12.04999999999706
-84.95000000000398 -58.3000000000018
-85.10000000000397 12.199999999997063
-85.35000000000396 12.299999999997064
-85.40000000000396 -58.400000000001796
-85.60000000000394 12.399999999997066
-85.65000000000394 -58.45000000000179
-85.75000000000394 12.449999999997067
-85.90000000000393 -58.50000000000179
-86.00000000000392 12.549999999997068
-86.15000000000391 -58.55000000000179
-86.4000000000039 -58.600000000001785
-86.4000000000039 12.69999999999707
-86.55000000000389 12.74999999999707
-86.65000000000389 -58.65000000000178
-86.90000000000387 -58.70000000000178
-87.10000000000386 12.949999999997074
-87.20000000000385 -58.750000000001776
-87.25000000000385 12.999999999997074
-87.40000000000384 13.049999999997075
-87.45000000000384 -58.80000000000177
-87.55000000000383 13.099999999997076
-87.70000000000383 13.149999999997076
-87.75000000000382 -58.85000000000177
-87.85000000000382 13.199999999997077
-88.0500000000038 -58.90000000000177
-88.35000000000379 -58.950000000001765
-88.35000000000379 13.34999999999708
-88.50000000000378 13.39999999999708
-88.65000000000377 -59.00000000000176
-88.85000000000376 13.499999999997081
-88.95000000000375 -59.05000000000176
-89.00000000000375 -59.05000000000176
-89.00000000000375 13.549999999997082
-89.20000000000374 13.599999999997083
-89.30000000000373 -59.10000000000176
-89.35000000000373 13.649999999997084
-89.55000000000372 13.699999999997084
-89.65000000000371 -59.150000000001754
-89.75000000000371 13.749999999997085
-90.0000000000037 -59.20000000000175
-90.05000000000369 -59.20000000000175
-90.10000000000369 13.849999999997086
-90.30000000000368 13.899999999997087
-90.40000000000367 -59.25000000000175
-90.50000000000367 13.949999999997088
-90.75000000000365 -59.300000000001745
-90.80000000000365 -59.300000000001745
-90.95000000000364 14.04999999999709
-91.15000000000363 14.09999999999709
-91.20000000000363 -59.35000000000174
-91.40000000000362 14.14999999999709
-91.6000000000036 -59.40000000000174
-91.6000000000036 14.199999999997091
-91.6500000000036 -59.40000000000174
-91.85000000000359 14.249999999997092
-92.05000000000358 -59.45000000000174
-92.10000000000358 -59.45000000000174
-92.10000000000358 14.299999999997093
-92.35000000000356 14.349999999997094
-92.55000000000355 -59.500000000001734
-92.60000000000355 -59.500000000001734
-92.60000000000355 14.399999999997094
-92.90000000000353 14.449999999997095
-93.10000000000352 -59.55000000000173
-93.15000000000352 -59.55000000000173
-93.15000000000352 14.499999999997096
-93.4500000000035 14.549999999997096
-93.65000000000349 -59.60000000000173
-93.70000000000348 -59.60000000000173
-93.80000000000348 14.599999999997097
-94.10000000000346 14.649999999997098
-94.30000000000345 -59.650000000001725
-94.35000000000345 -59.650000000001725
-94.45000000000344 14.699999999997098
-94.50000000000344 14.699999999997098
-94.85000000000342 14.7499999999971
-95.00000000000341 -59.70000000000172
-95.05000000000341 -59.70000000000172
-95.1000000000034 -59.70000000000172
-95.2500000000034 14.7999999999971
-95.3000000000034 14.7999999999971
-95.70000000000337 14.8499999999971
-95.75000000000337 14.8499999999971
-95.90000000000336 -59.75000000000172
-95.95000000000336 -59.75000000000172
-96.00000000000335 -59.75000000000172
-96.20000000000334 14.899999999997101
-96.25000000000334 14.899999999997101
-96.80000000000331 14.949999999997102
-96.8500000000033 14.949999999997102
-97.0000000000033 -59.80000000000172
-97.0500000000033 -59.80000000000172
-97.10000000000329 -59.80000000000172
-97.15000000000329 -59.80000000000172
-97.20000000000329 -59.80000000000172
-97.55000000000327 14.999999999997103
-97.60000000000326 14.999999999997103
-97.65000000000326 14.999999999997103
-98.7500000000032 15.049999999997103
-98.8000000000032 15.049999999997103
-98.85000000000319 15.049999999997103
-98.90000000000319 15.049999999997103
-98.95000000000319 15.049999999997103
-99.00000000000318 15.049999999997103
-99.05000000000318 15.049999999997103
-99.10000000000318 15.049999999997103
-99.15000000000317 15.049999999997103
-99.25000000000317 -59.850000000001714
-99.30000000000317 -59.850000000001714
-99.35000000000316 -59.850000000001714
-99.40000000000316 -59.850000000001714
-99.45000000000316 -59.850000000001714
-99.50000000000315 -59.850000000001714
-99.55000000000315 -59.850000000001714
-99.60000000000315 -59.850000000001714
-99.65000000000315 -59.850000000001714
-99.70000000000314 -59.850000000001714
-99.75000000000314 -59.850000000001714
-99.80000000000314 -59.850000000001714
-99.85000000000313 -59.850000000001714
-99.90000000000313 -59.850000000001714
-99.95000000000313 -59.850000000001714
-100.00000000000313 -59.850000000001714
-100.05000000000312 -59.850000000001714
-100.10000000000312 -59.850000000001714
-100.15000000000312 -59.850000000001714
-100.20000000000312 -59.850000000001714
-100.25000000000311 -59.850000000001714
-100.3500000000031 15.049999999997103
-100.4000000000031 15.049999999997103
-100.4500000000031 15.049999999997103
-100.5000000000031 15.049999999997103
-100.5500000000031 15.049999999997103
-100.60000000000309 15.049999999997103
-100.65000000000309 15.049999999997103
-100.70000000000309 15.049999999997103
-100.75000000000308 15.049999999997103
-101.85000000000302 14.999999999997103
-101.90000000000302 14.999999999997103
-101.95000000000302 14.999999999997103
-102.300000000003 -59.80000000000172
-102.35000000000299 -59.80000000000172
-102.40000000000299 -59.80000000000172
-102.45000000000299 -59.80000000000172
-102.50000000000298 -59.80000000000172
-102.65000000000298 14.949999999997102
-102.70000000000297 14.949999999997102
-103.25000000000294 14.899999999997101
-103.30000000000294 14.899999999997101
-103.50000000000293 -59.75000000000172
-103.55000000000292 -59.75000000000172
-103.60000000000292 -59.75000000000172
-103.75000000000291 14.8499999999971
-103.80000000000291 14.8499999999971
-104.20000000000289 14.7999999999971
-104.25000000000288 14.7999999999971
-104.40000000000288 -59.70000000000172
-104.45000000000287 -59.70000000000172
-104.50000000000287 -59.70000000000172
-104.65000000000286 14.7499999999971
-105.00000000000284 14.699999999997098
-105.05000000000284 14.699999999997098
-105.15000000000283 -59.650000000001725
-105.20000000000283 -59.650000000001725
-105.40000000000282 14.649999999997098
-105.7000000000028 14.599999999997097
-105.8000000000028 -59.60000000000173
-105.8500000000028 -59.60000000000173
-106.05000000000278 14.549999999997096
-106.35000000000277 -59.55000000000173
-106.35000000000277 14.499999999997096
-106.40000000000276 -59.55000000000173
-106.60000000000275 14.449999999997095
-106.90000000000273 -59.500000000001734
-106.90000000000273 14.399999999997094
-106.95000000000273 -59.500000000001734
-107.15000000000272 14.349999999997094
-107.4000000000027 -59.45000000000174
-107.4000000000027 14.299999999997093
-107.4500000000027 -59.45000000000174
-107.65000000000269 14.249999999997092
-107.85000000000268 -59.40000000000174
-107.90000000000268 -59.40000000000174
-107.90000000000268 14.199999999997091
-108.10000000000267 14.14999999999709
-108.30000000000265 -59.35000000000174
-108.35000000000265 14.09999999999709
-108.55000000000264 14.04999999999709
-108.70000000000263 -59.300000000001745
-108.75000000000263 -59.300000000001745
-109.00000000000261 13.949999999997088
-109.10000000000261 -59.25000000000175
-109.2000000000026 13.899999999997087
-109.40000000000259 13.849999999997086
-109.45000000000259 -59.20000000000175
-109.50000000000259 -59.20000000000175
-109.75000000000257 13.749999999997085
-109.85000000000257 -59.150000000001754
-109.95000000000256 13.699999999997084
-110.15000000000255 13.649999999997084
-110.20000000000255 -59.10000000000176
-110.30000000000254 13.599999999997083
-110.50000000000253 -59.05000000000176
-110.50000000000253 13.549999999997082
-110.55000000000253 -59.05000000000176
-110.65000000000252 13.499999999997081
-110.85000000000251 -59.00000000000176
-111.0000000000025 13.39999999999708
-111.15000000000249 -58.950000000001765
-111.15000000000249 13.34999999999708
-111.45000000000248 -58.90000000000177
-111.65000000000246 13.199999999997077
-111.75000000000246 -58.85000000000177
-111.80000000000246 13.149999999997076
-111.95000000000245 13.099999999997076
-112.05000000000244 -58.80000000000177
-112.10000000000244 13.049999999997075
-112.25000000000243 12.999999999997074
-112.30000000000243 -58.750000000001776
-112.40000000000242 12.949999999997074
-112.60000000000241 -58.70000000000178
-112.8500000000024 -58.65000000000178
-112.95000000000239 12.74999999999707
-113.10000000000238 -58.600000000001785
-113.10000000000238 12.69999999999707
-113.35000000000237 -58.55000000000179
-113.50000000000236 12.549999999997068
-113.60000000000235 -58.50000000000179
-113.75000000000234 12.449999999997067
-113.85000000000234 -58.45000000000179
-113.90000000000234 12.399999999997066
-114.10000000000232 -58.400000000001796
-114.15000000000232 12.299999999997064
-114.40000000000231 12.199999999997063
-114.5500000000023 -58.3000000000018
-114.75000000000229 12.04999999999706
-114.80000000000229 -58.250000000001805
-115.00000000000227 -58.20000000000181
-115.00000000000227 11.94999999999706
-115.10000000000227 11.899999999997059
-115.20000000000226 -58.15000000000181
-115.45000000000225 11.749999999997057
-115.65000000000224 -58.050000000001816
-115.85000000000223 -58.00000000000182
-115.90000000000222 11.549999999997054
-116.00000000000222 11.499999999997053
-116.05000000000221 -57.95000000000182
-116.2500000000022 -57.900000000001825
-116.45000000000219 -57.85000000000183
-116.65000000000218 11.199999999997049
-116.75000000000217 11.149999999997048
-116.80000000000217 -57.75000000000183
-116.85000000000217 11.099999999997047
-116.95000000000216 11.049999999997047
-117.00000000000216 -57.700000000001836
-117.05000000000216 10.999999999997046
-117.15000000000215 10.949999999997045
-117.20000000000215 -57.65000000000184
-117.25000000000215 10.899999999997044
-117.35000000000214 -57.60000000000184
-117.35000000000214 10.849999999997044
-117.45000000000213 10.799999999997043
-117.55000000000213 -57.550000000001845
-117.55000000000213 10.749999999997042
-117.90000000000211 -57.45000000000185
-118.0500000000021 -57.40000000000185
-118.20000000000209 10.399999999997037
-118.25000000000209 -57.350000000001856
-118.30000000000209 10.349999999997037
-118.40000000000208 -57.30000000000186
-118.75000000000206 10.099999999997033
-118.90000000000205 -57.15000000000187
-119.05000000000204 -57.10000000000187
-119.10000000000204 9.89999999999703
-119.20000000000203 -57.05000000000187
-119.35000000000203 -57.000000000001876
-119.45000000000202 9.699999999997027
-119.700000000002 9.549999999997025
-119.95000000000199 9.399999999997023
-120.20000000000198 9.249999999997021
-120.25000000000198 -56.70000000000189
-120.35000000000197 9.14999999999702
-120.40000000000197 -56.650000000001896
-120.55000000000196 -56.6000000000019
-120.60000000000196 8.999999999997017
-120.70000000000195 -56.5500000000019
-120.75000000000195 8.899999999997016
-120.90000000000194 8.799999999997015
-121.05000000000193 8.699999999997013
-121.10000000000193 -56.40000000000191
-121.20000000000192 8.599999999997012
-121.25000000000192 -56.35000000000191
-121.5000000000019 -56.25000000000192
-121.5000000000019 8.399999999997009
-121.6500000000019 -56.20000000000192
-121.6500000000019 8.299999999997008
-121.80000000000189 8.199999999997006
-121.90000000000188 -56.10000000000193
-121.95000000000188 8.099999999997005
-122.15000000000187 -56.00000000000193
-122.30000000000186 7.849999999997005
-122.40000000000185 -55.90000000000194
-122.65000000000184 -55.800000000001944
-122.65000000000184 7.599999999997006
-122.85000000000183 7.449999999997006
-123.00000000000182 -55.65000000000195
-123.05000000000182 7.299999999997007
-123.2500000000018 -55.55000000000196
-123.2500000000018 7.149999999997007
-123.3500000000018 -55.50000000000196
-123.4500000000018 6.999999999997008
-123.65000000000178 6.849999999997008
-123.70000000000178 -55.35000000000197
-123.80000000000177 -55.30000000000197
-123.90000000000177 6.649999999997009
-124.15000000000175 6.44999999999701
-124.25000000000175 -55.100000000001984
-124.35000000000174 -55.05000000000199
-124.40000000000174 6.24999999999701
-124.45000000000174 -55.00000000000199
-124.55000000000173 -54.95000000000199
-124.65000000000173 6.049999999997011
-124.70000000000172 5.999999999997011
-124.95000000000171 5.799999999997012
-125.0000000000017 5.749999999997012
-125.30000000000169 5.499999999997013
-125.35000000000169 5.449999999997013
-125.70000000000167 5.149999999997014
-125.75000000000166 5.0999999999970145
-125.80000000000166 5.049999999997015
-125.85000000000166 -54.30000000000203
-125.95000000000165 -54.25000000000203
-126.05000000000165 -54.200000000002035
-126.15000000000164 -54.15000000000204
-126.20000000000164 4.699999999997016
-126.25000000000163 4.649999999997016
-126.30000000000163 4.599999999997016
-126.35000000000163 4.549999999997016
-126.50000000000162 -53.95000000000205
-126.60000000000161 -53.90000000000205
-126.70000000000161 -53.850000000002055
-126.9500000000016 -53.70000000000206
-127.05000000000159 -53.650000000002066
-127.15000000000158 3.799999999997019
-127.20000000000158 3.7499999999970193
-127.25000000000158 3.6999999999970195
-127.30000000000157 -53.500000000002075
-127.30000000000157 3.6499999999970196
-127.35000000000157 3.59999999999702
-127.40000000000157 3.54999999999702
-127.45000000000157 3.49999999999702
-127.50000000000156 3.4499999999970203
-127.55000000000156 -53.35000000000208
-127.55000000000156 3.3999999999970205
-127.60000000000156 3.3499999999970207
-127.65000000000155 3.299999999997021
-127.70000000000155 3.249999999997021
-127.75000000000155 3.1999999999970212
-127.80000000000155 -53.20000000000209
-127.80000000000155 3.1499999999970214
-127.85000000000154 3.0999999999970216
-128.05000000000155 -53.0500000000021
-128.20000000000158 -52.950000000002106
-128.35000000000161 -52.85000000000211
-128.60000000000167 -52.70000000000212
-128.60000000000167 2.2999999999970244
-128.65000000000168 2.2499999999970246
-128.7000000000017 2.199999999997025
-128.7500000000017 -52.600000000002126
-128.90000000000174 -52.50000000000213
-129.05000000000177 -52.40000000000214
-129.10000000000178 1.749999999997025
-129.1500000000018 1.699999999997025
-129.2000000000018 1.649999999997025
-129.25000000000182 -52.250000000002146
-129.40000000000185 -52.15000000000215
-129.50000000000188 1.2999999999970246
-129.5500000000019 -52.05000000000216
-129.5500000000019 1.2499999999970246
-129.75000000000193 -51.900000000002166
-129.80000000000194 0.9499999999970244
-129.85000000000196 0.8999999999970244
-129.90000000000197 -51.80000000000217
-129.95000000000198 -51.750000000002174
-130.100000000002 -51.65000000000218
-130.100000000002 0.5999999999970241
-130.30000000000206 -51.50000000000219
-130.30000000000206 0.3499999999970241
-130.35000000000207 0.2999999999970241
-130.5000000000021 -51.3500000000022
-130.55000000000211 -51.3000000000022
-130.55000000000211 0.04999999999702409
-130.75000000000216 -51.15000000000221
-130.75000000000216 -0.2000000000029759
-130.9500000000022 -0.45000000000297585
-131.00000000000222 -50.95000000000222
-131.05000000000223 -50.90000000000222
-131.10000000000224 -0.650000000002976
-131.25000000000227 -50.75000000000223
-131.30000000000229 -50.700000000002234
-131.30000000000229 -0.9000000000029762
-131.45000000000232 -1.1000000000029764
-131.60000000000235 -50.45000000000225
-131.60000000000235 -1.3000000000029766
-131.65000000000236 -50.40000000000225
-131.8500000000024 -1.6500000000029769
-131.95000000000243 -50.150000000002265
-132.00000000000244 -50.10000000000227
-132.00000000000244 -1.850000000002977
-132.05000000000246 -50.05000000000227
-132.2500000000025 -2.2000000000029765
-132.35000000000252 -2.350000000002976
-132.50000000000256 -49.650000000002294
-132.55000000000257 -49.6000000000023
-132.60000000000258 -49.5500000000023
-132.60000000000258 -2.7000000000029747
-132.6500000000026 -49.5000000000023
-132.7000000000026 -49.450000000002305
-132.7000000000026 -2.850000000002974
-132.75000000000261 -49.40000000000231
-132.80000000000263 -49.35000000000231
-132.80000000000263 -3.0000000000029736
-132.90000000000265 -3.150000000002973
-133.00000000000267 -3.3000000000029726
-133.1000000000027 -3.450000000002972
-133.20000000000272 -3.6000000000029715
-133.30000000000274 -3.750000000002971
-133.45000000000277 -48.70000000000235
-133.50000000000279 -48.65000000000235
-133.5500000000028 -48.60000000000235
-133.5500000000028 -4.1500000000029695
-133.6000000000028 -48.550000000002356
-133.65000000000282 -48.50000000000236
-133.65000000000282 -4.300000000002969
-133.70000000000283 -48.45000000000236
-133.80000000000285 -4.550000000002968
-133.90000000000288 -4.700000000002968
-134.0500000000029 -4.950000000002967
-134.10000000000292 -48.00000000000239
-134.15000000000293 -47.95000000000239
-134.20000000000294 -47.90000000000239
-134.20000000000294 -5.200000000002966
-134.35000000000298 -5.450000000002965
-134.400000000003 -5.550000000002965
-134.450000000003 -47.60000000000241
-134.500000000003 -47.55000000000241
-134.55000000000302 -47.500000000002416
-134.55000000000302 -5.800000000002964
-134.75000000000307 -47.25000000000243
-134.75000000000307 -6.150000000002962
-134.80000000000308 -47.20000000000243
-134.80000000000308 -6.250000000002962
-134.95000000000312 -47.000000000002444
-135.00000000000313 -46.95000000000245
-135.00000000000313 -6.600000000002961
-135.05000000000314 -6.7000000000029605
-135.15000000000316 -46.75000000000246
-135.20000000000317 -46.70000000000246
-135.3000000000032 -7.150000000002959
-135.3500000000032 -46.50000000000247
-135.3500000000032 -7.2500000000029585
-135.40000000000322 -7.350000000002958
-135.45000000000323 -7.450000000002958
-135.50000000000324 -46.300000000002484
-135.65000000000327 -46.100000000002495
-135.7500000000033 -45.950000000002504
-135.8000000000033 -45.90000000000251
-135.90000000000333 -45.750000000002515
-136.00000000000335 -45.600000000002524
-136.2500000000034 -45.250000000002544
-136.30000000000342 -9.150000000002972
-136.35000000000343 -45.10000000000255
-136.35000000000343 -9.250000000002974
-136.40000000000344 -9.350000000002975
-136.50000000000347 -44.85000000000257
-136.6000000000035 -44.700000000002575
-136.6500000000035 -9.900000000002983
-136.7000000000035 -44.55000000000258
-136.7000000000035 -10.000000000002984
-136.85000000000355 -44.3000000000026
-136.85000000000355 -10.35000000000299
-136.90000000000356 -10.45000000000299
-137.00000000000358 -44.05000000000261
-137.0500000000036 -10.800000000002996
-137.15000000000362 -43.800000000002626
-137.20000000000363 -43.70000000000263
-137.20000000000363 -11.150000000003
-137.30000000000365 -11.400000000003004
-137.35000000000366 -43.450000000002646
-137.40000000000367 -43.35000000000265
-137.40000000000367 -11.650000000003008
-137.45000000000368 -43.25000000000266
-137.45000000000368 -11.75000000000301
-137.5500000000037 -12.000000000003013
-137.60000000000372 -12.150000000003015
-137.70000000000374 -12.400000000003018
-137.75000000000375 -42.70000000000269
-137.80000000000376 -42.600000000002694
-137.80000000000376 -12.650000000003022
-137.85000000000377 -42.5000000000027
-137.90000000000379 -42.400000000002706
-137.9500000000038 -42.30000000000271
-137.9500000000038 -13.050000000003028
-138.10000000000383 -13.450000000003033
-138.15000000000384 -13.600000000003035
-138.20000000000385 -41.75000000000274
-138.20000000000385 -13.750000000003038
-138.25000000000387 -41.65000000000275
-138.30000000000388 -41.550000000002754
-138.4000000000039 -14.300000000003045
-138.4500000000039 -41.200000000002774
-138.4500000000039 -14.450000000003048
-138.50000000000392 -41.10000000000278
-138.50000000000392 -14.60000000000305
-138.55000000000393 -14.750000000003052
-138.60000000000394 -40.850000000002794
-138.60000000000394 -14.900000000003054
-138.70000000000397 -40.60000000000281
-138.75000000000398 -40.500000000002814
-138.800000000004 -40.35000000000282
-138.800000000004 -15.550000000003063
-138.850000000004 -15.700000000003065
-138.900000000004 -40.10000000000284
-138.900000000004 -15.850000000003067
-139.00000000000404 -39.85000000000285
-139.00000000000404 -16.200000000003072
-139.05000000000405 -39.70000000000286
-139.10000000000406 -39.55000000000287
-139.10000000000406 -16.550000000003077
-139.15000000000407 -39.400000000002876
-139.20000000000408 -16.900000000003082
-139.3000000000041 -17.250000000003087
-139.35000000000412 -17.45000000000309
-139.40000000000413 -17.650000000003093
-139.45000000000414 -38.50000000000293
-139.50000000000415 -38.350000000002936
-139.55000000000416 -38.200000000002944
-139.65000000000418 -37.850000000002964
-139.65000000000418 -18.650000000003107
-139.7000000000042 -18.85000000000311
-139.7500000000042 -37.500000000002984
-139.7500000000042 -19.050000000003113
-139.80000000000422 -37.300000000002996
-139.80000000000422 -19.300000000003116
-139.85000000000423 -37.10000000000301
-139.85000000000423 -19.50000000000312
-139.90000000000424 -36.90000000000302
-139.90000000000424 -19.750000000003123
-139.95000000000425 -36.70000000000303
-139.95000000000425 -19.950000000003126
-140.00000000000426 -36.50000000000304
-140.00000000000426 -20.20000000000313
-140.05000000000427 -36.30000000000305
-140.05000000000427 -20.450000000003133
-140.1000000000043 -36.100000000003064
-140.1000000000043 -36.05000000000307
-140.1000000000043 -20.750000000003137
-140.1000000000043 -20.700000000003136
-140.1500000000043 -35.85000000000308
-140.1500000000043 -21.00000000000314
-140.2000000000043 -35.60000000000309
-140.2000000000043 -21.250000000003144
-140.25000000000432 -35.35000000000311
-140.25000000000432 -21.55000000000315
-140.30000000000433 -35.10000000000312
-140.30000000000433 -21.850000000003153
-140.35000000000434 -34.850000000003135
-140.35000000000434 -34.80000000000314
-140.35000000000434 -22.150000000003157
-140.40000000000435 -34.55000000000315
-140.40000000000435 -34.500000000003155
-140.40000000000435 -22.500000000003162
-140.40000000000435 -22.45000000000316
-140.45000000000437 -34.25000000000317
-140.45000000000437 -34.20000000000317
-140.45000000000437 -22.850000000003167
-140.45000000000437 -22.800000000003166
-140.50000000000438 -33.90000000000319
-140.50000000000438 -23.200000000003172
-140.50000000000438 -23.15000000000317
-140.5500000000044 -33.55000000000321
-140.5500000000044 -23.600000000003178
-140.5500000000044 -23.550000000003177
-140.6000000000044 -33.20000000000323
-140.6000000000044 -33.15000000000323
-140.6000000000044 -24.000000000003183
-140.6000000000044 -23.950000000003183
-140.6500000000044 -32.80000000000325
-140.6500000000044 -32.750000000003254
-140.6500000000044 -24.45000000000319
-140.6500000000044 -24.40000000000319
-140.70000000000442 -32.30000000000328
-140.70000000000442 -32.25000000000328
-140.70000000000442 -25.000000000003197
-140.70000000000442 -24.950000000003197
-140.70000000000442 -24.900000000003196
-140.75000000000443 -31.800000000003294
-140.75000000000443 -31.750000000003293
-140.75000000000443 -31.700000000003293
-140.75000000000443 -25.550000000003205
-140.75000000000443 -25.500000000003205
-140.80000000000445 -31.100000000003284
-140.80000000000445 -31.050000000003283
-140.80000000000445 -31.000000000003283
-140.80000000000445 -26.300000000003216
-140.80000000000445 -26.250000000003215
-140.80000000000445 -26.200000000003214
-140.85000000000446 -30.20000000000327
-140.85000000000446 -30.15000000000327
-140.85000000000446 -30.10000000000327
-140.85000000000446 -30.05000000000327
-140.85000000000446 -30.00000000000327
-140.85000000000446 -29.950000000003268
-140.85000000000446 -27.40000000000323
-140.85000000000446 -27.35000000000323
-140.85000000000446 -27.30000000000323
-140.85000000000446 -27.25000000000323
-140.85000000000446 -27.20000000000323
-140.85000000000446 -27.150000000003228
