179.89999999999998 -80.55000000000054
179.84999999999997 -1.3000000000029766
179.79999999999995 -80.50000000000054
179.74999999999994 -1.5500000000029768
179.64999999999992 -80.45000000000054
179.5499999999999 -80.40000000000055
179.4999999999999 -2.1500000000029766
179.39999999999986 -80.35000000000055
179.39999999999986 -2.4000000000029758
179.29999999999984 -80.30000000000055
179.29999999999984 -2.650000000002975
179.19999999999982 -2.900000000002974
179.0999999999998 -3.150000000002973
179.04999999999978 -80.20000000000056
178.94999999999976 -80.15000000000056
178.84999999999974 -3.800000000002971
178.74999999999972 -4.05000000000297
178.6999999999997 -80.05000000000057
178.6499999999997 -4.300000000002969
178.59999999999968 -80.00000000000057
178.49999999999966 -79.95000000000057
178.49999999999966 -4.700000000002968
178.39999999999964 -79.90000000000057
178.34999999999962 -5.100000000002966
178.2999999999996 -79.85000000000058
178.2499999999996 -5.350000000002965
178.1999999999996 -5.500000000002965
178.09999999999957 -5.750000000002964
178.04999999999956 -5.900000000002963
177.94999999999953 -79.70000000000059
177.89999999999952 -6.300000000002962
177.8499999999995 -79.65000000000059
177.7499999999995 -79.60000000000059
177.7499999999995 -6.7000000000029605
177.69999999999948 -6.85000000000296
177.64999999999947 -79.5500000000006
177.54999999999944 -79.5000000000006
177.54999999999944 -7.2500000000029585
177.49999999999943 -7.400000000002958
177.44999999999942 -79.4500000000006
177.2999999999994 -7.950000000002956
177.24999999999937 -8.100000000002957
177.09999999999934 -79.25000000000061
176.99999999999932 -79.20000000000061
176.9499999999993 -8.95000000000297
176.8999999999993 -79.15000000000062
176.8999999999993 -9.100000000002971
176.84999999999928 -9.250000000002974
176.79999999999927 -79.10000000000062
176.64999999999924 -79.00000000000063
176.54999999999922 -78.95000000000063
176.4499999999992 -78.90000000000063
176.29999999999916 -78.80000000000064
176.19999999999914 -78.75000000000064
176.0499999999991 -78.65000000000065
175.94999999999908 -78.60000000000065
175.79999999999905 -78.50000000000065
175.79999999999905 -12.400000000003018
175.74999999999903 -12.55000000000302
175.69999999999902 -12.700000000003023
175.649999999999 -78.40000000000066
175.649999999999 -12.850000000003025
175.49999999999898 -78.30000000000067
175.39999999999895 -13.650000000003036
175.34999999999894 -78.20000000000067
175.34999999999894 -13.800000000003038
175.1999999999989 -78.10000000000068
175.1999999999989 -14.300000000003045
175.1499999999989 -14.450000000003048
175.04999999999887 -78.00000000000068
174.99999999999886 -14.950000000003055
174.94999999999885 -15.100000000003057
174.89999999999884 -77.90000000000069
174.84999999999883 -77.85000000000069
174.79999999999882 -15.600000000003064
174.6999999999988 -77.7500000000007
174.64999999999878 -77.7000000000007
174.64999999999878 -16.10000000000307
174.49999999999875 -77.6000000000007
174.49999999999875 -16.600000000003078
174.44999999999874 -77.55000000000071
174.39999999999873 -16.950000000003083
174.2999999999987 -77.45000000000071
174.2999999999987 -17.300000000003088
174.2499999999987 -77.40000000000072
174.14999999999867 -17.800000000003095
174.04999999999865 -77.25000000000072
174.04999999999865 -18.1500000000031
173.99999999999864 -77.20000000000073
173.94999999999862 -77.15000000000073
173.94999999999862 -18.500000000003105
173.8999999999986 -18.700000000003108
173.7999999999986 -19.050000000003113
173.74999999999858 -77.00000000000074
173.69999999999857 -76.95000000000074
173.69999999999857 -19.400000000003118
173.64999999999856 -76.90000000000074
173.59999999999854 -76.85000000000075
173.54999999999853 -19.950000000003126
173.4499999999985 -20.30000000000313
173.3999999999985 -20.500000000003133
173.3499999999985 -76.65000000000076
173.29999999999848 -76.60000000000076
173.24999999999847 -76.55000000000076
173.24999999999847 -21.05000000000314
173.19999999999845 -76.50000000000077
173.19999999999845 -21.250000000003144
173.14999999999844 -76.45000000000077
173.09999999999843 -76.40000000000077
173.04999999999842 -76.35000000000078
173.04999999999842 -21.800000000003152
172.9999999999984 -76.30000000000078
172.9999999999984 -22.000000000003155
172.9499999999984 -76.25000000000078
172.89999999999839 -76.20000000000078
172.84999999999837 -76.15000000000079
172.79999999999836 -76.10000000000079
172.79999999999836 -22.750000000003165
172.74999999999835 -76.0500000000008
172.74999999999835 -22.95000000000317
172.69999999999834 -76.0000000000008
172.69999999999834 -23.15000000000317
172.64999999999833 -75.9500000000008
172.64999999999833 -23.350000000003174
172.59999999999832 -75.9000000000008
172.59999999999832 -23.550000000003177
172.5499999999983 -75.8500000000008
172.5499999999983 -23.75000000000318
172.4999999999983 -75.80000000000081
172.44999999999828 -75.75000000000081
172.39999999999827 -75.70000000000081
172.34999999999826 -75.65000000000082
172.29999999999825 -24.750000000003194
172.24999999999824 -24.950000000003197
172.19999999999823 -25.1500000000032
172.14999999999822 -75.40000000000083
172.14999999999822 -25.350000000003202
172.0999999999982 -75.35000000000083
172.0999999999982 -25.550000000003205
172.0499999999982 -75.30000000000084
172.0499999999982 -25.750000000003208
171.99999999999818 -75.25000000000084
171.99999999999818 -25.95000000000321
171.84999999999815 -75.05000000000085
171.84999999999815 -26.60000000000322
171.79999999999814 -75.00000000000085
171.79999999999814 -26.800000000003223
171.74999999999812 -74.95000000000086
171.74999999999812 -27.000000000003226
171.6499999999981 -74.80000000000086
171.6499999999981 -27.450000000003232
171.5999999999981 -74.75000000000087
171.5999999999981 -27.650000000003235
171.54999999999808 -74.70000000000087
171.49999999999807 -28.10000000000324
171.44999999999806 -74.55000000000088
171.44999999999806 -28.300000000003244
171.39999999999804 -74.50000000000088
171.34999999999803 -28.75000000000325
171.29999999999802 -74.35000000000089
171.249999999998 -29.200000000003257
171.199999999998 -74.2000000000009
171.149999999998 -74.1500000000009
171.149999999998 -29.650000000003264
171.04999999999797 -74.00000000000091
171.04999999999797 -30.10000000000327
170.94999999999794 -73.85000000000092
170.94999999999794 -30.550000000003276
170.89999999999793 -30.80000000000328
170.84999999999792 -73.70000000000093
170.7999999999979 -31.250000000003286
170.7499999999979 -73.55000000000094
170.7499999999979 -31.50000000000329
170.69999999999789 -73.45000000000094
170.64999999999787 -73.40000000000094
170.59999999999786 -73.30000000000095
170.59999999999786 -32.200000000003286
170.54999999999785 -32.45000000000327
170.49999999999784 -73.15000000000096
170.49999999999784 -32.70000000000326
170.44999999999783 -73.05000000000096
170.44999999999783 -32.95000000000324
170.39999999999782 -72.95000000000097
170.39999999999782 -33.20000000000323
170.3499999999978 -72.90000000000097
170.3499999999978 -33.450000000003214
170.2999999999978 -72.80000000000098
170.2999999999978 -33.7000000000032
170.24999999999778 -72.70000000000098
170.24999999999778 -33.950000000003186
170.19999999999777 -72.60000000000099
170.19999999999777 -34.20000000000317
170.14999999999776 -34.45000000000316
170.09999999999775 -34.70000000000314
170.04999999999774 -72.350000000001
170.04999999999774 -34.95000000000313
169.99999999999773 -72.25000000000101
169.99999999999773 -35.200000000003115
169.94999999999771 -72.15000000000101
169.8999999999977 -72.05000000000102
169.8999999999977 -35.750000000003084
169.8499999999977 -71.95000000000103
169.8499999999977 -36.00000000000307
169.79999999999768 -71.85000000000103
169.74999999999767 -36.55000000000304
169.69999999999766 -71.60000000000105
169.69999999999766 -36.800000000003024
169.64999999999765 -71.50000000000105
169.64999999999765 -37.10000000000301
169.59999999999764 -71.40000000000106
169.59999999999764 -37.35000000000299
169.54999999999762 -71.30000000000106
169.54999999999762 -37.650000000002976
169.4999999999976 -71.15000000000107
169.4999999999976 -37.95000000000296
169.4499999999976 -71.05000000000108
169.4499999999976 -38.200000000002944
169.3999999999976 -70.95000000000108
169.3999999999976 -38.50000000000293
169.34999999999758 -70.80000000000109
169.34999999999758 -38.80000000000291
169.29999999999757 -70.7000000000011
169.29999999999757 -39.10000000000289
169.24999999999756 -70.5500000000011
169.24999999999756 -39.400000000002876
169.19999999999754 -70.45000000000111
169.19999999999754 -39.70000000000286
169.14999999999753 -70.30000000000112
169.14999999999753 -40.00000000000284
169.09999999999752 -70.15000000000113
169.09999999999752 -40.300000000002825
169.0499999999975 -70.05000000000113
169.0499999999975 -40.60000000000281
168.9999999999975 -69.90000000000114
168.9999999999975 -40.90000000000279
168.9499999999975 -69.75000000000115
168.9499999999975 -41.25000000000277
168.89999999999748 -69.60000000000116
168.89999999999748 -41.550000000002754
168.84999999999746 -69.45000000000117
168.84999999999746 -41.900000000002734
168.84999999999746 -41.85000000000274
168.79999999999745 -69.30000000000118
168.79999999999745 -42.20000000000272
168.74999999999744 -69.15000000000119
168.74999999999744 -69.10000000000119
168.74999999999744 -42.5500000000027
168.69999999999743 -68.9500000000012
168.69999999999743 -42.90000000000268
168.69999999999743 -42.85000000000268
168.64999999999742 -68.8000000000012
168.64999999999742 -43.25000000000266
168.64999999999742 -43.20000000000266
168.5999999999974 -68.60000000000122
168.5999999999974 -43.55000000000264
168.5499999999974 -68.45000000000122
168.5499999999974 -43.95000000000262
168.5499999999974 -43.90000000000262
168.49999999999739 -68.25000000000124
168.49999999999739 -44.3000000000026
168.44999999999737 -68.05000000000125
168.44999999999737 -44.65000000000258
168.39999999999736 -67.85000000000126
168.39999999999736 -45.050000000002555
168.39999999999736 -45.00000000000256
168.34999999999735 -67.65000000000127
168.34999999999735 -45.400000000002535
168.29999999999734 -67.45000000000128
168.29999999999734 -45.80000000000251
168.24999999999733 -67.2500000000013
168.24999999999733 -67.2000000000013
168.24999999999733 -46.20000000000249
168.19999999999732 -67.00000000000131
168.19999999999732 -46.60000000000247
168.1499999999973 -66.75000000000132
168.1499999999973 -47.05000000000244
168.1499999999973 -47.000000000002444
168.0999999999973 -66.50000000000134
168.0999999999973 -47.45000000000242
168.04999999999728 -66.25000000000135
168.04999999999728 -66.20000000000135
168.04999999999728 -47.90000000000239
168.04999999999728 -47.850000000002396
167.99999999999727 -66.00000000000136
167.99999999999727 -65.95000000000137
167.99999999999727 -48.35000000000237
167.94999999999726 -65.70000000000138
167.94999999999726 -65.65000000000138
167.94999999999726 -48.85000000000234
167.94999999999726 -48.80000000000234
167.89999999999725 -65.4000000000014
167.89999999999725 -65.3500000000014
167.89999999999725 -49.35000000000231
167.89999999999725 -49.30000000000231
167.84999999999724 -65.05000000000142
167.84999999999724 -65.00000000000142
167.84999999999724 -49.85000000000228
167.84999999999724 -49.800000000002285
167.79999999999723 -64.70000000000144
167.79999999999723 -64.65000000000144
167.79999999999723 -50.40000000000225
167.79999999999723 -50.350000000002254
167.79999999999723 -50.30000000000226
167.74999999999721 -64.35000000000146
167.74999999999721 -64.30000000000146
167.74999999999721 -64.25000000000146
167.74999999999721 -50.95000000000222
167.74999999999721 -50.90000000000222
167.6999999999972 -63.900000000001484
167.6999999999972 -63.85000000000149
167.6999999999972 -51.550000000002186
167.6999999999972 -51.50000000000219
167.6499999999972 -63.45000000000151
167.6499999999972 -63.40000000000151
167.6499999999972 -63.350000000001515
167.6499999999972 -52.20000000000215
167.6499999999972 -52.15000000000215
167.6499999999972 -52.100000000002154
167.59999999999718 -62.95000000000154
167.59999999999718 -62.90000000000154
167.59999999999718 -62.85000000000154
167.59999999999718 -52.950000000002106
167.59999999999718 -52.90000000000211
167.59999999999718 -52.85000000000211
167.59999999999718 -52.800000000002115
167.54999999999717 -62.35000000000157
167.54999999999717 -62.300000000001575
167.54999999999717 -62.25000000000158
167.54999999999717 -62.20000000000158
167.54999999999717 -53.75000000000206
167.54999999999717 -53.70000000000206
167.54999999999717 -53.650000000002066
167.54999999999717 -53.60000000000207
167.49999999999716 -61.600000000001614
167.49999999999716 -61.55000000000162
167.49999999999716 -61.50000000000162
167.49999999999716 -61.45000000000162
167.49999999999716 -54.70000000000201
167.49999999999716 -54.65000000000201
167.49999999999716 -54.60000000000201
167.49999999999716 -54.550000000002015
167.49999999999716 -54.50000000000202
167.44999999999715 -60.60000000000167
167.44999999999715 -60.550000000001674
167.44999999999715 -60.50000000000168
167.44999999999715 -60.45000000000168
167.44999999999715 -60.40000000000168
167.44999999999715 -60.350000000001685
167.44999999999715 -56.00000000000193
167.44999999999715 -55.950000000001936
167.44999999999715 -55.90000000000194
167.44999999999715 -55.85000000000194
167.44999999999715 -55.800000000001944
167.44999999999715 -55.75000000000195
167.44999999999715 -55.70000000000195
-39.95000000000654 -60.60000000000167
-39.95000000000654 -60.550000000001674
-39.95000000000654 -60.50000000000168
-39.95000000000654 -60.45000000000168
-39.95000000000654 -60.40000000000168
-39.95000000000654 -60.350000000001685
-39.95000000000654 -56.00000000000193
-39.95000000000654 -55.950000000001936
-39.95000000000654 -55.90000000000194
-39.95000000000654 -55.85000000000194
-39.95000000000654 -55.800000000001944
-39.95000000000654 -55.75000000000195
-39.95000000000654 -55.70000000000195
-40.00000000000654 -61.600000000001614
-40.00000000000654 -61.55000000000162
-40.00000000000654 -61.50000000000162
-40.00000000000654 -61.45000000000162
-40.00000000000654 -54.70000000000201
-40.00000000000654 -54.65000000000201
-40.00000000000654 -54.60000000000201
-40.00000000000654 -54.550000000002015
-40.00000000000654 -54.50000000000202
-40.050000000006534 -62.35000000000157
-40.050000000006534 -62.300000000001575
-40.050000000006534 -62.25000000000158
-40.050000000006534 -62.20000000000158
-40.050000000006534 -53.75000000000206
-40.050000000006534 -53.70000000000206
-40.050000000006534 -53.650000000002066
-40.050000000006534 -53.60000000000207
-40.10000000000653 -62.95000000000154
-40.10000000000653 -62.90000000000154
-40.10000000000653 -62.85000000000154
-40.10000000000653 -52.950000000002106
-40.10000000000653 -52.90000000000211
-40.10000000000653 -52.85000000000211
-40.10000000000653 -52.800000000002115
-40.15000000000653 -63.45000000000151
-40.15000000000653 -63.40000000000151
-40.15000000000653 -63.350000000001515
-40.15000000000653 -52.20000000000215
-40.15000000000653 -52.15000000000215
-40.15000000000653 -52.100000000002154
-40.200000000006526 -63.900000000001484
-40.200000000006526 -63.85000000000149
-40.200000000006526 -51.550000000002186
-40.200000000006526 -51.50000000000219
-40.25000000000652 -64.35000000000146
-40.25000000000652 -64.30000000000146
-40.25000000000652 -64.25000000000146
-40.25000000000652 -50.95000000000222
-40.25000000000652 -50.90000000000222
-40.30000000000652 -64.70000000000144
-40.30000000000652 -64.65000000000144
-40.30000000000652 -50.40000000000225
-40.30000000000652 -50.350000000002254
-40.30000000000652 -50.30000000000226
-40.35000000000652 -65.05000000000142
-40.35000000000652 -65.00000000000142
-40.35000000000652 -49.85000000000228
-40.35000000000652 -49.800000000002285
-40.400000000006514 -65.4000000000014
-40.400000000006514 -65.3500000000014
-40.400000000006514 -49.35000000000231
-40.400000000006514 -49.30000000000231
-40.45000000000651 -65.70000000000138
-40.45000000000651 -65.65000000000138
-40.45000000000651 -48.85000000000234
-40.45000000000651 -48.80000000000234
-40.50000000000651 -66.00000000000136
-40.50000000000651 -65.95000000000137
-40.50000000000651 -48.35000000000237
-40.550000000006506 -66.25000000000135
-40.550000000006506 -66.20000000000135
-40.550000000006506 -47.90000000000239
-40.550000000006506 -47.850000000002396
-40.6000000000065 -66.50000000000134
-40.6000000000065 -47.45000000000242
-40.6500000000065 -66.75000000000132
-40.6500000000065 -47.05000000000244
-40.6500000000065 -47.000000000002444
-40.7000000000065 -67.00000000000131
-40.7000000000065 -46.60000000000247
-40.750000000006494 -67.2500000000013
-40.750000000006494 -67.2000000000013
-40.750000000006494 -46.20000000000249
-40.80000000000649 -67.45000000000128
-40.80000000000649 -45.80000000000251
-40.85000000000649 -67.65000000000127
-40.85000000000649 -45.400000000002535
-40.900000000006486 -67.85000000000126
-40.900000000006486 -45.050000000002555
-40.900000000006486 -45.00000000000256
-40.95000000000648 -68.05000000000125
-40.95000000000648 -44.65000000000258
-41.00000000000648 -68.25000000000124
-41.00000000000648 -44.3000000000026
-41.05000000000648 -68.45000000000122
-41.05000000000648 -43.95000000000262
-41.05000000000648 -43.90000000000262
-41.100000000006474 -68.60000000000122
-41.100000000006474 -43.55000000000264
-41.15000000000647 -68.8000000000012
-41.15000000000647 -43.25000000000266
-41.15000000000647 -43.20000000000266
-41.20000000000647 -68.9500000000012
-41.20000000000647 -42.90000000000268
-41.20000000000647 -42.85000000000268
-41.250000000006466 -69.15000000000119
-41.250000000006466 -69.10000000000119
-41.250000000006466 -42.5500000000027
-41.30000000000646 -69.30000000000118
-41.30000000000646 -42.20000000000272
-41.35000000000646 -69.45000000000117
-41.35000000000646 -41.900000000002734
-41.35000000000646 -41.85000000000274
-41.40000000000646 -69.60000000000116
-41.40000000000646 -41.550000000002754
-41.450000000006455 -69.75000000000115
-41.450000000006455 -41.25000000000277
-41.50000000000645 -69.90000000000114
-41.50000000000645 -40.90000000000279
-41.55000000000645 -70.05000000000113
-41.55000000000645 -40.60000000000281
-41.600000000006446 -70.15000000000113
-41.600000000006446 -40.300000000002825
-41.65000000000644 -70.30000000000112
-41.65000000000644 -40.00000000000284
-41.70000000000644 -70.45000000000111
-41.70000000000644 -39.70000000000286
-41.75000000000644 -70.5500000000011
-41.75000000000644 -39.400000000002876
-41.800000000006435 -70.7000000000011
-41.800000000006435 -39.10000000000289
-41.85000000000643 -70.80000000000109
-41.85000000000643 -38.80000000000291
-41.90000000000643 -70.95000000000108
-41.90000000000643 -38.50000000000293
-41.950000000006426 -71.05000000000108
-41.950000000006426 -38.200000000002944
-42.00000000000642 -71.15000000000107
-42.00000000000642 -37.95000000000296
-42.05000000000642 -71.30000000000106
-42.05000000000642 -37.650000000002976
-42.10000000000642 -71.40000000000106
-42.10000000000642 -37.35000000000299
-42.150000000006415 -71.50000000000105
-42.150000000006415 -37.10000000000301
-42.20000000000641 -71.60000000000105
-42.20000000000641 -36.800000000003024
-42.25000000000641 -36.55000000000304
-42.300000000006406 -71.85000000000103
-42.3500000000064 -71.95000000000103
-42.3500000000064 -36.00000000000307
-42.4000000000064 -72.05000000000102
-42.4000000000064 -35.750000000003084
-42.4500000000064 -72.15000000000101
-42.500000000006395 -72.25000000000101
-42.500000000006395 -35.200000000003115
-42.55000000000639 -72.350000000001
-42.55000000000639 -34.95000000000313
-42.60000000000639 -34.70000000000314
-42.650000000006386 -34.45000000000316
-42.70000000000638 -72.60000000000099
-42.70000000000638 -34.20000000000317
-42.75000000000638 -72.70000000000098
-42.75000000000638 -33.950000000003186
-42.80000000000638 -72.80000000000098
-42.80000000000638 -33.7000000000032
-42.850000000006375 -72.90000000000097
-42.850000000006375 -33.450000000003214
-42.90000000000637 -72.95000000000097
-42.90000000000637 -33.20000000000323
-42.95000000000637 -73.05000000000096
-42.95000000000637 -32.95000000000324
-43.00000000000637 -73.15000000000096
-43.00000000000637 -32.70000000000326
-43.050000000006364 -32.45000000000327
-43.10000000000636 -73.30000000000095
-43.10000000000636 -32.200000000003286
-43.15000000000636 -73.40000000000094
-43.200000000006355 -73.45000000000094
-43.25000000000635 -73.55000000000094
-43.25000000000635 -31.50000000000329
-43.30000000000635 -31.250000000003286
-43.35000000000635 -73.70000000000093
-43.400000000006344 -30.80000000000328
-43.45000000000634 -73.85000000000092
-43.45000000000634 -30.550000000003276
-43.550000000006335 -74.00000000000091
-43.550000000006335 -30.10000000000327
-43.65000000000633 -74.1500000000009
-43.65000000000633 -29.650000000003264
-43.70000000000633 -74.2000000000009
-43.750000000006324 -29.200000000003257
-43.80000000000632 -74.35000000000089
-43.85000000000632 -28.75000000000325
-43.900000000006315 -74.50000000000088
-43.95000000000631 -74.55000000000088
-43.95000000000631 -28.300000000003244
-44.00000000000631 -28.10000000000324
-44.05000000000631 -74.70000000000087
-44.100000000006304 -74.75000000000087
-44.100000000006304 -27.650000000003235
-44.1500000000063 -74.80000000000086
-44.1500000000063 -27.450000000003232
-44.250000000006295 -74.95000000000086
-44.250000000006295 -27.000000000003226
-44.30000000000629 -75.00000000000085
-44.30000000000629 -26.800000000003223
-44.35000000000629 -75.05000000000085
-44.35000000000629 -26.60000000000322
-44.50000000000628 -75.25000000000084
-44.50000000000628 -25.95000000000321
-44.55000000000628 -75.30000000000084
-44.55000000000628 -25.750000000003208
-44.600000000006276 -75.35000000000083
-44.600000000006276 -25.550000000003205
-44.65000000000627 -75.40000000000083
-44.65000000000627 -25.350000000003202
-44.70000000000627 -25.1500000000032
-44.75000000000627 -24.950000000003197
-44.800000000006264 -24.750000000003194
-44.85000000000626 -75.65000000000082
-44.90000000000626 -75.70000000000081
-44.950000000006256 -75.75000000000081
-45.00000000000625 -75.80000000000081
-45.05000000000625 -75.8500000000008
-45.05000000000625 -23.75000000000318
-45.10000000000625 -75.9000000000008
-45.10000000000625 -23.550000000003177
-45.150000000006244 -75.9500000000008
-45.150000000006244 -23.350000000003174
-45.20000000000624 -76.0000000000008
-45.20000000000624 -23.15000000000317
-45.25000000000624 -76.0500000000008
-45.25000000000624 -22.95000000000317
-45.300000000006236 -76.10000000000079
-45.300000000006236 -22.750000000003165
-45.35000000000623 -76.15000000000079
-45.40000000000623 -76.20000000000078
-45.45000000000623 -76.25000000000078
-45.500000000006224 -76.30000000000078
-45.500000000006224 -22.000000000003155
-45.55000000000622 -76.35000000000078
-45.55000000000622 -21.800000000003152
-45.60000000000622 -76.40000000000077
-45.650000000006216 -76.45000000000077
-45.70000000000621 -76.50000000000077
-45.70000000000621 -21.250000000003144
-45.75000000000621 -76.55000000000076
-45.75000000000621 -21.05000000000314
-45.80000000000621 -76.60000000000076
-45.850000000006204 -76.65000000000076
-45.9000000000062 -20.500000000003133
-45.9500000000062 -20.30000000000313
-46.05000000000619 -19.950000000003126
-46.10000000000619 -76.85000000000075
-46.15000000000619 -76.90000000000074
-46.200000000006185 -76.95000000000074
-46.200000000006185 -19.400000000003118
-46.25000000000618 -77.00000000000074
-46.30000000000618 -19.050000000003113
-46.40000000000617 -18.700000000003108
-46.45000000000617 -77.15000000000073
-46.45000000000617 -18.500000000003105
-46.50000000000617 -77.20000000000073
-46.550000000006165 -77.25000000000072
-46.550000000006165 -18.1500000000031
-46.65000000000616 -17.800000000003095
-46.75000000000615 -77.40000000000072
-46.80000000000615 -77.45000000000071
-46.80000000000615 -17.300000000003088
-46.900000000006145 -16.950000000003083
-46.95000000000614 -77.55000000000071
-47.00000000000614 -77.6000000000007
-47.00000000000614 -16.600000000003078
-47.15000000000613 -77.7000000000007
-47.15000000000613 -16.10000000000307
-47.20000000000613 -77.7500000000007
-47.30000000000612 -15.600000000003064
-47.35000000000612 -77.85000000000069
-47.400000000006116 -77.90000000000069
-47.45000000000611 -15.100000000003057
-47.50000000000611 -14.950000000003055
-47.55000000000611 -78.00000000000068
-47.6500000000061 -14.450000000003048
-47.7000000000061 -78.10000000000068
-47.7000000000061 -14.300000000003045
-47.85000000000609 -78.20000000000067
-47.85000000000609 -13.800000000003038
-47.90000000000609 -13.650000000003036
-48.00000000000608 -78.30000000000067
-48.150000000006074 -78.40000000000066
-48.150000000006074 -12.850000000003025
-48.20000000000607 -12.700000000003023
-48.25000000000607 -12.55000000000302
-48.300000000006065 -78.50000000000065
-48.300000000006065 -12.400000000003018
-48.45000000000606 -78.60000000000065
-48.55000000000605 -78.65000000000065
-48.70000000000604 -78.75000000000064
-48.80000000000604 -78.80000000000064
-48.95000000000603 -78.90000000000063
-49.05000000000602 -78.95000000000063
-49.15000000000602 -79.00000000000063
-49.30000000000601 -79.10000000000062
-49.350000000006006 -9.250000000002974
-49.400000000006 -79.15000000000062
-49.400000000006 -9.100000000002971
-49.450000000006 -8.95000000000297
-49.500000000006 -79.20000000000061
-49.60000000000599 -79.25000000000061
-49.75000000000598 -8.100000000002957
-49.80000000000598 -7.950000000002956
-49.95000000000597 -79.4500000000006
-50.00000000000597 -7.400000000002958
-50.050000000005966 -79.5000000000006
-50.050000000005966 -7.2500000000029585
-50.15000000000596 -79.5500000000006
-50.20000000000596 -6.85000000000296
-50.250000000005954 -79.60000000000059
-50.250000000005954 -6.7000000000029605
-50.35000000000595 -79.65000000000059
-50.400000000005946 -6.300000000002962
-50.45000000000594 -79.70000000000059
-50.55000000000594 -5.900000000002963
-50.600000000005934 -5.750000000002964
-50.70000000000593 -5.500000000002965
-50.750000000005926 -5.350000000002965
-50.80000000000592 -79.85000000000058
-50.85000000000592 -5.100000000002966
-50.90000000000592 -79.90000000000057
-51.00000000000591 -79.95000000000057
-51.00000000000591 -4.700000000002968
-51.100000000005906 -80.00000000000057
-51.1500000000059 -4.300000000002969
-51.2000000000059 -80.05000000000057
-51.2500000000059 -4.05000000000297
-51.35000000000589 -3.800000000002971
-51.450000000005886 -80.15000000000056
-51.55000000000588 -80.20000000000056
-51.60000000000588 -3.150000000002973
-51.70000000000587 -2.900000000002974
-51.800000000005866 -80.30000000000055
-51.800000000005866 -2.650000000002975
-51.90000000000586 -80.35000000000055
-51.90000000000586 -2.4000000000029758
-52.000000000005855 -2.1500000000029766
-52.05000000000585 -80.40000000000055
-52.150000000005846 -80.45000000000054
-52.25000000000584 -1.5500000000029768
-52.30000000000584 -80.50000000000054
-52.350000000005835 -1.3000000000029766
-52.40000000000583 -80.55000000000054
-52.550000000005824 -80.60000000000053
-52.60000000000582 -0.700000000002976
-52.65000000000582 -80.65000000000053
-52.75000000000581 -0.3500000000029759
-52.80000000000581 -80.70000000000053
-52.900000000005804 -2.9759111841443087E-12
-53.050000000005795 -80.80000000000052
-53.20000000000579 -80.85000000000052
-53.20000000000579 0.6999999999970242
-53.35000000000578 -80.90000000000052
-53.35000000000578 1.0499999999970244
-53.45000000000577 -80.95000000000051
-53.55000000000577 1.4999999999970248
-53.600000000005764 -81.00000000000051
-53.750000000005755 -81.05000000000051
-53.750000000005755 1.9499999999970252
-53.90000000000575 -81.1000000000005
-53.950000000005744 2.399999999997024
-54.05000000000574 -81.1500000000005
-54.20000000000573 -81.2000000000005
-54.20000000000573 2.949999999997022
-54.25000000000573 3.0499999999970218
-54.35000000000572 -81.2500000000005
-54.50000000000571 -81.3000000000005
-54.50000000000571 3.59999999999702
-54.55000000000571 3.6999999999970195
-54.650000000005704 -81.35000000000049
-54.800000000005696 -81.40000000000049
-54.95000000000569 -81.45000000000049
-54.95000000000569 4.549999999997016
-55.000000000005684 4.649999999997016
-55.05000000000568 4.749999999997016
-55.150000000005676 -81.50000000000048
-55.30000000000567 -81.55000000000048
-55.45000000000566 -81.60000000000048
-55.65000000000565 -81.65000000000047
-55.80000000000564 -81.70000000000047
-55.95000000000563 -81.75000000000047
-56.15000000000562 -81.80000000000047
-56.35000000000561 -81.85000000000046
-56.5000000000056 -81.90000000000046
-56.5000000000056 7.649999999997005
-56.550000000005596 7.749999999997005
-56.60000000000559 7.849999999997005
-56.65000000000559 7.949999999997004
-56.70000000000559 -81.95000000000046
-56.900000000005576 -82.00000000000045
-57.00000000000557 8.599999999997012
-57.05000000000557 -82.05000000000045
-57.05000000000557 8.699999999997013
-57.250000000005556 -82.10000000000045
-57.35000000000555 9.249999999997021
-57.40000000000555 9.349999999997022
-57.450000000005545 -82.15000000000045
-57.650000000005534 -82.20000000000044
-57.650000000005534 9.799999999997029
-57.85000000000552 -82.25000000000044
-57.90000000000552 10.249999999997035
-58.05000000000551 -82.30000000000044
-58.150000000005505 10.699999999997042
-58.2500000000055 -82.35000000000043
-58.3000000000055 -82.35000000000043
-58.350000000005494 11.049999999997047
-58.500000000005485 -82.40000000000043
-58.55000000000548 11.399999999997052
-58.700000000005474 -82.45000000000043
-58.700000000005474 11.649999999997055
-58.90000000000546 -82.50000000000043
-58.90000000000546 11.99999999999706
-58.95000000000546 -82.50000000000043
-59.050000000005454 12.249999999997064
-59.15000000000545 -82.55000000000042
-59.200000000005446 12.499999999997067
-59.35000000000544 -82.60000000000042
-59.35000000000544 12.74999999999707
-59.50000000000543 12.999999999997074
-59.60000000000542 -82.65000000000042
-59.65000000000542 13.249999999997078
-59.85000000000541 -82.70000000000041
-59.900000000005406 13.649999999997084
-60.0500000000054 -82.75000000000041
-60.100000000005394 -82.75000000000041
-60.15000000000539 14.04999999999709
-60.30000000000538 -82.80000000000041
-60.40000000000538 14.449999999997095
-60.50000000000537 14.599999999997097
-60.55000000000537 -82.8500000000004
-60.800000000005355 -82.9000000000004
-60.85000000000535 15.149999999997105
-60.950000000005346 15.299999999997107
-61.05000000000534 -82.9500000000004
-61.05000000000534 15.44999999999711
-61.10000000000534 -82.9500000000004
-61.150000000005335 15.599999999997111
-61.35000000000532 -83.0000000000004
-61.55000000000531 16.199999999997118
-61.60000000000531 -83.0500000000004
-61.650000000005306 16.34999999999712
-61.7500000000053 16.499999999997122
-61.850000000005295 -83.10000000000039
-61.850000000005295 16.649999999997124
-62.15000000000528 -83.15000000000039
-62.30000000000527 17.299999999997134
-62.400000000005264 -83.20000000000039
-62.45000000000526 -83.20000000000039
-62.550000000005255 17.64999999999714
-62.65000000000525 17.79999999999714
-62.70000000000525 -83.25000000000038
-62.900000000005235 18.149999999997146
-63.00000000000523 -83.30000000000038
-63.05000000000523 18.34999999999715
-63.30000000000521 -83.35000000000038
-63.30000000000521 18.699999999997154
-63.450000000005204 18.899999999997156
-63.600000000005195 -83.40000000000038
-63.600000000005195 19.09999999999716
-63.75000000000519 19.299999999997162
-63.90000000000518 -83.45000000000037
-63.90000000000518 19.499999999997165
-64.05000000000517 19.699999999997168
-64.20000000000516 -83.50000000000037
-64.20000000000516 19.89999999999717
-64.25000000000516 -83.50000000000037
-64.55000000000514 -83.55000000000037
-64.55000000000514 20.349999999997177
-64.85000000000512 -83.60000000000036
-64.90000000000512 -83.60000000000036
-64.90000000000512 20.799999999997183
-65.10000000000511 21.049999999997187
-65.2000000000051 -83.65000000000036
-65.3000000000051 21.29999999999719
-65.55000000000508 -83.70000000000036
-65.75000000000507 21.8499999999972
-65.90000000000506 -83.75000000000036
-66.00000000000506 22.149999999997203
-66.25000000000504 -83.80000000000035
-66.25000000000504 22.449999999997207
-66.55000000000503 22.799999999997212
-66.60000000000502 -83.85000000000035
-66.65000000000502 -83.85000000000035
-66.85000000000501 23.149999999997217
-67.000000000005 -83.90000000000035
-67.20000000000499 23.549999999997222
-67.35000000000498 -83.95000000000034
-67.40000000000498 -83.95000000000034
-67.60000000000497 23.99999999999723
-67.65000000000497 24.04999999999723
-67.75000000000496 -84.00000000000034
-67.80000000000496 -84.00000000000034
-68.10000000000494 24.549999999997237
-68.15000000000494 -84.05000000000034
-68.15000000000494 24.599999999997237
-68.20000000000493 -84.05000000000034
-68.55000000000491 -84.10000000000034
-68.60000000000491 -84.10000000000034
-68.8500000000049 25.349999999997248
-68.9000000000049 25.39999999999725
-68.95000000000489 25.44999999999725
-69.00000000000489 -84.15000000000033
-69.00000000000489 25.49999999999725
-69.40000000000487 -84.20000000000033
-69.45000000000486 -84.20000000000033
-69.85000000000484 -84.25000000000033
-69.90000000000484 -84.25000000000033
-70.30000000000481 -84.30000000000032
-70.35000000000481 -84.30000000000032
-70.75000000000479 -84.35000000000032
-70.75000000000479 27.249999999997275
-70.80000000000479 -84.35000000000032
-70.80000000000479 27.299999999997276
-70.85000000000478 27.349999999997276
-70.90000000000478 27.399999999997277
-70.95000000000478 27.449999999997278
-71.25000000000476 -84.40000000000032
-71.30000000000476 -84.40000000000032
-71.65000000000474 28.099999999997287
-71.70000000000474 28.149999999997288
-71.75000000000473 -84.45000000000032
-71.80000000000473 -84.45000000000032
-72.2000000000047 28.599999999997294
-72.2500000000047 -84.50000000000031
-72.2500000000047 28.649999999997295
-72.3000000000047 -84.50000000000031
-72.65000000000468 28.9999999999973
-72.70000000000468 29.0499999999973
-72.75000000000468 -84.55000000000031
-72.80000000000467 -84.55000000000031
-73.05000000000466 29.349999999997305
-73.10000000000466 29.399999999997306
-73.30000000000464 -84.6000000000003
-73.35000000000464 -84.6000000000003
-73.40000000000464 29.64999999999731
-73.75000000000462 29.949999999997313
-73.85000000000461 -84.6500000000003
-73.90000000000461 -84.6500000000003
-74.0500000000046 30.199999999997317
-74.30000000000459 30.39999999999732
-74.40000000000458 -84.7000000000003
-74.45000000000458 -84.7000000000003
-74.60000000000457 30.649999999997323
-74.85000000000456 30.849999999997326
-75.00000000000455 -84.7500000000003
-75.05000000000454 -84.7500000000003
-75.10000000000454 31.04999999999733
-75.30000000000453 31.19999999999733
-75.55000000000452 31.399999999997334
-75.60000000000451 -84.8000000000003
-75.65000000000451 -84.8000000000003
-75.7500000000045 31.549999999997336
-75.9500000000045 31.69999999999734
-76.20000000000448 -84.85000000000029
-76.25000000000448 -84.85000000000029
-76.55000000000446 32.149999999997334
-76.75000000000445 32.299999999997326
-76.85000000000444 -84.90000000000029
-76.90000000000444 -84.90000000000029
-77.10000000000443 32.54999999999731
-77.30000000000442 32.6999999999973
-77.5000000000044 -84.95000000000029
-77.5500000000044 -84.95000000000029
-77.80000000000439 33.04999999999728
-78.20000000000437 -85.00000000000028
-78.25000000000436 -85.00000000000028
-78.45000000000435 33.49999999999726
-78.60000000000434 33.59999999999725
-78.75000000000433 33.699999999997246
-78.90000000000433 -85.05000000000028
-78.90000000000433 33.79999999999724
-78.95000000000432 -85.05000000000028
-79.05000000000432 33.899999999997235
-79.20000000000431 33.99999999999723
-79.65000000000428 -85.10000000000028
-79.70000000000428 -85.10000000000028
-79.75000000000428 34.34999999999721
-79.90000000000427 34.4499999999972
-80.30000000000425 34.69999999999719
-80.40000000000424 -85.15000000000028
-80.45000000000424 -85.15000000000028
-80.50000000000423 -85.15000000000028
-80.70000000000422 34.949999999997175
-80.95000000000421 35.099999999997166
-81.2000000000042 -85.20000000000027
-81.2000000000042 35.24999999999716
-81.25000000000419 -85.20000000000027
-81.30000000000419 -85.20000000000027
-81.45000000000418 35.39999999999715
-82.05000000000415 -85.25000000000027
-82.05000000000415 35.74999999999713
-82.10000000000414 -85.25000000000027
-82.40000000000413 35.94999999999712
-82.8500000000041 36.199999999997104
-82.9000000000041 -85.30000000000027
-82.9500000000041 -85.30000000000027
-83.00000000000409 -85.30000000000027
-83.30000000000408 36.44999999999709
-83.40000000000407 36.49999999999709
-83.80000000000405 -85.35000000000026
-83.85000000000404 -85.35000000000026
-83.90000000000404 -85.35000000000026
-84.05000000000403 36.84999999999707
-84.15000000000403 36.899999999997064
-84.25000000000402 36.94999999999706
-84.750000000004 -85.40000000000026
-84.80000000000399 -85.40000000000026
-84.85000000000399 -85.40000000000026
-85.75000000000394 -85.45000000000026
-85.80000000000393 -85.45000000000026
-85.85000000000393 -85.45000000000026
-85.95000000000393 37.79999999999701
-86.05000000000392 37.84999999999701
-86.15000000000391 37.89999999999701
-86.80000000000388 38.19999999999699
-86.85000000000387 -85.50000000000026
-86.90000000000387 -85.50000000000026
-86.90000000000387 38.24999999999699
-86.95000000000387 -85.50000000000026
-87.35000000000385 38.449999999996976
-87.45000000000384 38.49999999999697
-87.80000000000382 38.649999999996965
-87.95000000000381 -85.55000000000025
-88.00000000000381 -85.55000000000025
-88.0500000000038 -85.55000000000025
-88.2500000000038 38.84999999999695
-88.60000000000377 38.999999999996945
-88.85000000000376 39.09999999999694
-89.15000000000374 -85.60000000000025
-89.20000000000374 -85.60000000000025
-89.20000000000374 39.24999999999693
-89.25000000000374 -85.60000000000025
-89.45000000000373 39.349999999996925
-89.70000000000371 39.44999999999692
-89.9500000000037 39.54999999999691
-90.20000000000368 39.64999999999691
-90.40000000000367 -85.65000000000025
-90.45000000000367 -85.65000000000025
-90.50000000000367 -85.65000000000025
-90.55000000000366 -85.65000000000025
-90.60000000000366 39.7999999999969
-91.00000000000364 39.94999999999689
-91.40000000000362 40.09999999999688
-91.7500000000036 -85.70000000000024
-91.80000000000359 -85.70000000000024
-91.85000000000359 -85.70000000000024
-91.90000000000359 -85.70000000000024
-91.95000000000358 40.29999999999687
-92.10000000000358 40.34999999999687
-92.95000000000353 40.64999999999685
-93.10000000000352 40.69999999999685
-93.25000000000351 -85.75000000000024
-93.25000000000351 40.749999999996845
-93.30000000000351 -85.75000000000024
-93.3500000000035 -85.75000000000024
-93.4000000000035 -85.75000000000024
-93.4000000000035 40.79999999999684
-93.5500000000035 40.84999999999684
-94.35000000000345 41.099999999996825
-94.50000000000344 41.14999999999682
-94.85000000000342 -85.80000000000024
-94.90000000000342 -85.80000000000024
-94.95000000000341 -85.80000000000024
-95.00000000000341 -85.80000000000024
-95.00000000000341 41.299999999996814
-95.1500000000034 41.34999999999681
-95.50000000000338 41.449999999996805
-96.20000000000334 41.649999999996794
-96.55000000000332 41.74999999999679
-96.60000000000332 -85.85000000000024
-96.65000000000332 -85.85000000000024
-96.70000000000331 -85.85000000000024
-96.75000000000331 -85.85000000000024
-96.80000000000331 -85.85000000000024
-97.10000000000329 41.89999999999678
-97.30000000000328 41.94999999999678
-98.6000000000032 -85.90000000000023
-98.6500000000032 -85.90000000000023
-98.7000000000032 -85.90000000000023
-98.7500000000032 -85.90000000000023
-98.8000000000032 -85.90000000000023
-98.85000000000319 -85.90000000000023
-99.10000000000318 42.39999999999675
-99.30000000000317 42.44999999999675
-99.75000000000314 42.54999999999674
-100.20000000000312 42.64999999999674
-100.65000000000309 42.74999999999673
-100.90000000000308 -85.95000000000023
-100.90000000000308 42.79999999999673
-100.95000000000307 -85.95000000000023
-101.00000000000307 -85.95000000000023
-101.05000000000307 -85.95000000000023
-101.10000000000306 -85.95000000000023
-101.15000000000306 -85.95000000000023
-101.15000000000306 42.849999999996726
-101.20000000000306 -85.95000000000023
-101.40000000000305 42.89999999999672
-101.65000000000303 42.94999999999672
-101.90000000000302 42.99999999999672
-102.150000000003 43.049999999996714
-102.70000000000297 43.14999999999671
-103.25000000000294 43.2499999999967
-103.55000000000292 43.2999999999967
-103.65000000000292 -86.00000000000023
-103.70000000000292 -86.00000000000023
-103.75000000000291 -86.00000000000023
-103.80000000000291 -86.00000000000023
-103.85000000000291 -86.00000000000023
-103.85000000000291 43.3499999999967
-103.9000000000029 -86.00000000000023
-103.9500000000029 -86.00000000000023
-104.0000000000029 -86.00000000000023
-104.0500000000029 -86.00000000000023
-104.15000000000289 43.399999999996695
-104.80000000000285 43.49999999999669
-105.15000000000283 43.549999999996686
-105.50000000000281 43.59999999999668
-105.8500000000028 43.64999999999668
-106.20000000000277 43.69999999999668
-106.60000000000275 43.749999999996675
-107.00000000000273 43.79999999999667
-107.35000000000271 -86.05000000000022
-107.4000000000027 -86.05000000000022
-107.4500000000027 -86.05000000000022
-107.4500000000027 43.84999999999667
-107.5000000000027 -86.05000000000022
-107.5500000000027 -86.05000000000022
-107.6000000000027 -86.05000000000022
-107.65000000000269 -86.05000000000022
-107.70000000000269 -86.05000000000022
-107.75000000000269 -86.05000000000022
-107.80000000000268 -86.05000000000022
-107.85000000000268 -86.05000000000022
-107.85000000000268 43.899999999996666
-107.90000000000268 -86.05000000000022
-107.90000000000268 43.899999999996666
-108.35000000000265 43.94999999999666
-108.85000000000262 43.99999999999666
-109.40000000000259 44.04999999999666
-109.95000000000256 44.099999999996655
-110.00000000000256 44.099999999996655
-110.60000000000252 44.14999999999665
-110.65000000000252 44.14999999999665
-111.35000000000248 44.19999999999665
-111.40000000000248 44.19999999999665
-112.20000000000243 44.249999999996646
-112.25000000000243 44.249999999996646
-113.30000000000237 44.29999999999664
-113.35000000000237 44.29999999999664
-113.40000000000236 44.29999999999664
-115.25000000000226 44.34999999999664
-115.30000000000226 44.34999999999664
-115.35000000000225 44.34999999999664
-115.40000000000225 44.34999999999664
-115.45000000000225 44.34999999999664
-115.50000000000225 44.34999999999664
-115.55000000000224 44.34999999999664
-115.60000000000224 44.34999999999664
-115.65000000000224 44.34999999999664
-115.70000000000223 44.34999999999664
-115.75000000000223 44.34999999999664
-115.80000000000223 44.34999999999664
-115.85000000000223 44.34999999999664
-115.90000000000222 44.34999999999664
-115.95000000000222 44.34999999999664
-116.55000000000219 44.34999999999664
-116.60000000000218 44.34999999999664
-116.65000000000218 44.34999999999664
-116.70000000000218 44.34999999999664
-116.75000000000217 44.34999999999664
-116.80000000000217 44.34999999999664
-116.85000000000217 44.34999999999664
-116.90000000000217 44.34999999999664
-116.95000000000216 44.34999999999664
-117.00000000000216 44.34999999999664
-117.05000000000216 44.34999999999664
-117.10000000000215 44.34999999999664
-117.15000000000215 44.34999999999664
-117.20000000000215 44.34999999999664
-117.25000000000215 44.34999999999664
-119.10000000000204 44.29999999999664
-119.15000000000204 44.29999999999664
-119.20000000000203 44.29999999999664
-120.25000000000198 44.249999999996646
-120.30000000000197 44.249999999996646
-121.10000000000193 44.19999999999665
-121.15000000000192 44.19999999999665
-121.85000000000188 44.14999999999665
-121.90000000000188 44.14999999999665
-122.50000000000185 44.099999999996655
-122.55000000000184 44.099999999996655
-123.10000000000181 44.04999999999666
-123.65000000000178 43.99999999999666
-124.15000000000175 43.94999999999666
-124.60000000000173 -86.05000000000022
-124.60000000000173 43.899999999996666
-124.65000000000173 -86.05000000000022
-124.65000000000173 43.899999999996666
-124.70000000000172 -86.05000000000022
-124.75000000000172 -86.05000000000022
-124.80000000000172 -86.05000000000022
-124.85000000000171 -86.05000000000022
-124.90000000000171 -86.05000000000022
-124.95000000000171 -86.05000000000022
-125.0000000000017 -86.05000000000022
-125.0500000000017 -86.05000000000022
-125.0500000000017 43.84999999999667
-125.1000000000017 -86.05000000000022
-125.1500000000017 -86.05000000000022
-125.50000000000168 43.79999999999667
-125.90000000000165 43.749999999996675
-126.30000000000163 43.69999999999668
-126.65000000000161 43.64999999999668
-127.00000000000159 43.59999999999668
-127.35000000000157 43.549999999996686
-127.70000000000155 43.49999999999669
-128.35000000000161 43.399999999996695
-128.45000000000164 -86.00000000000023
-128.50000000000165 -86.00000000000023
-128.55000000000166 -86.00000000000023
-128.60000000000167 -86.00000000000023
-128.65000000000168 -86.00000000000023
-128.65000000000168 43.3499999999967
-128.7000000000017 -86.00000000000023
-128.7500000000017 -86.00000000000023
-128.80000000000172 -86.00000000000023
-128.85000000000173 -86.00000000000023
-128.95000000000175 43.2999999999967
-129.25000000000182 43.2499999999967
-129.80000000000194 43.14999999999671
-130.35000000000207 43.049999999996714
-130.60000000000213 42.99999999999672
-130.85000000000218 42.94999999999672
-131.10000000000224 42.89999999999672
-131.30000000000229 -85.95000000000023
-131.3500000000023 -85.95000000000023
-131.3500000000023 42.849999999996726
-131.4000000000023 -85.95000000000023
-131.45000000000232 -85.95000000000023
-131.50000000000233 -85.95000000000023
-131.55000000000234 -85.95000000000023
-131.60000000000235 -85.95000000000023
-131.60000000000235 42.79999999999673
-131.8500000000024 42.74999999999673
-132.3000000000025 42.64999999999674
-132.75000000000261 42.54999999999674
-133.20000000000272 42.44999999999675
-133.40000000000276 42.39999999999675
-133.65000000000282 -85.90000000000023
-133.70000000000283 -85.90000000000023
-133.75000000000284 -85.90000000000023
-133.80000000000285 -85.90000000000023
-133.85000000000286 -85.90000000000023
-133.90000000000288 -85.90000000000023
-135.20000000000317 41.94999999999678
-135.40000000000322 41.89999999999678
-135.70000000000329 -85.85000000000024
-135.7500000000033 -85.85000000000024
-135.8000000000033 -85.85000000000024
-135.85000000000332 -85.85000000000024
-135.90000000000333 -85.85000000000024
-135.95000000000334 41.74999999999679
-136.30000000000342 41.649999999996794
-137.00000000000358 41.449999999996805
-137.35000000000366 41.34999999999681
-137.5000000000037 -85.80000000000024
-137.5000000000037 41.299999999996814
-137.5500000000037 -85.80000000000024
-137.60000000000372 -85.80000000000024
-137.65000000000373 -85.80000000000024
-138.0000000000038 41.14999999999682
-138.15000000000384 41.099999999996825
-138.95000000000402 40.84999999999684
-139.10000000000406 -85.75000000000024
-139.10000000000406 40.79999999999684
-139.15000000000407 -85.75000000000024
-139.20000000000408 -85.75000000000024
-139.2500000000041 -85.75000000000024
-139.2500000000041 40.749999999996845
-139.40000000000413 40.69999999999685
-139.55000000000416 40.64999999999685
-140.40000000000435 40.34999999999687
-140.5500000000044 40.29999999999687
-140.6000000000044 -85.70000000000024
-140.6500000000044 -85.70000000000024
-140.70000000000442 -85.70000000000024
-140.75000000000443 -85.70000000000024
-141.1000000000045 40.09999999999688
-141.5000000000046 39.94999999999689
-141.9000000000047 39.7999999999969
-141.9500000000047 -85.65000000000025
-142.00000000000472 -85.65000000000025
-142.05000000000473 -85.65000000000025
-142.10000000000474 -85.65000000000025
-142.3000000000048 39.64999999999691
-142.55000000000484 39.54999999999691
-142.8000000000049 39.44999999999692
-143.05000000000496 39.349999999996925
-143.250000000005 -85.60000000000025
-143.300000000005 -85.60000000000025
-143.300000000005 39.24999999999693
-143.35000000000502 -85.60000000000025
-143.6500000000051 39.09999999999694
-143.90000000000515 38.999999999996945
-144.25000000000523 38.84999999999695
-144.45000000000528 -85.55000000000025
-144.5000000000053 -85.55000000000025
-144.5500000000053 -85.55000000000025
-144.70000000000533 38.649999999996965
-145.0500000000054 38.49999999999697
-145.15000000000543 38.449999999996976
-145.55000000000553 -85.50000000000026
-145.60000000000554 -85.50000000000026
-145.60000000000554 38.24999999999699
-145.65000000000555 -85.50000000000026
-145.70000000000556 38.19999999999699
-146.3500000000057 37.89999999999701
-146.45000000000573 37.84999999999701
-146.55000000000575 37.79999999999701
-146.65000000000578 -85.45000000000026
-146.7000000000058 -85.45000000000026
-146.7500000000058 -85.45000000000026
-147.650000000006 -85.40000000000026
-147.700000000006 -85.40000000000026
-147.75000000000603 -85.40000000000026
-148.25000000000614 36.94999999999706
-148.35000000000616 36.899999999997064
-148.45000000000618 36.84999999999707
-148.60000000000622 -85.35000000000026
-148.65000000000623 -85.35000000000026
-148.70000000000624 -85.35000000000026
-149.10000000000633 36.49999999999709
-149.20000000000636 36.44999999999709
-149.50000000000642 -85.30000000000027
-149.55000000000643 -85.30000000000027
-149.60000000000645 -85.30000000000027
-149.65000000000646 36.199999999997104
-150.10000000000656 35.94999999999712
-150.40000000000663 -85.25000000000027
-150.45000000000664 -85.25000000000027
-150.45000000000664 35.74999999999713
-151.05000000000678 35.39999999999715
-151.2000000000068 -85.20000000000027
-151.25000000000682 -85.20000000000027
-151.30000000000683 -85.20000000000027
-151.30000000000683 35.24999999999716
-151.5500000000069 35.099999999997166
-151.80000000000695 34.949999999997175
-152.000000000007 -85.15000000000028
-152.050000000007 -85.15000000000028
-152.10000000000701 -85.15000000000028
-152.20000000000704 34.69999999999719
-152.60000000000713 34.4499999999972
-152.75000000000716 34.34999999999721
-152.80000000000717 -85.10000000000028
-152.85000000000719 -85.10000000000028
-153.3000000000073 33.99999999999723
-153.45000000000732 33.899999999997235
-153.55000000000734 -85.05000000000028
-153.60000000000736 -85.05000000000028
-153.60000000000736 33.79999999999724
-153.7500000000074 33.699999999997246
-153.90000000000742 33.59999999999725
-154.05000000000746 33.49999999999726
-154.2500000000075 -85.00000000000028
-154.30000000000751 -85.00000000000028
-154.7000000000076 33.04999999999728
-154.95000000000766 -84.95000000000029
-155.00000000000767 -84.95000000000029
-155.20000000000772 32.6999999999973
-155.40000000000776 32.54999999999731
-155.6000000000078 -84.90000000000029
-155.65000000000782 -84.90000000000029
-155.75000000000784 32.299999999997326
-155.9500000000079 32.149999999997334
-156.25000000000796 -84.85000000000029
-156.30000000000797 -84.85000000000029
-156.55000000000803 31.69999999999734
-156.75000000000807 31.549999999997336
-156.8500000000081 -84.8000000000003
-156.9000000000081 -84.8000000000003
-156.95000000000812 31.399999999997334
-157.20000000000817 31.19999999999733
-157.40000000000822 31.04999999999733
-157.45000000000823 -84.7500000000003
-157.50000000000824 -84.7500000000003
-157.65000000000828 30.849999999997326
-157.90000000000833 30.649999999997323
-158.05000000000837 -84.7000000000003
-158.10000000000838 -84.7000000000003
-158.2000000000084 30.39999999999732
-158.45000000000846 30.199999999997317
-158.6000000000085 -84.6500000000003
-158.6500000000085 -84.6500000000003
-158.75000000000853 29.949999999997313
-159.1000000000086 29.64999999999731
-159.15000000000862 -84.6000000000003
-159.20000000000863 -84.6000000000003
-159.40000000000867 29.399999999997306
-159.45000000000869 29.349999999997305
-159.70000000000874 -84.55000000000031
-159.75000000000875 -84.55000000000031
-159.80000000000877 29.0499999999973
-159.85000000000878 28.9999999999973
-160.20000000000886 -84.50000000000031
-160.25000000000887 -84.50000000000031
-160.25000000000887 28.649999999997295
-160.30000000000888 28.599999999997294
-160.70000000000897 -84.45000000000032
-160.75000000000898 -84.45000000000032
-160.800000000009 28.149999999997288
-160.850000000009 28.099999999997287
-161.20000000000908 -84.40000000000032
-161.2500000000091 -84.40000000000032
-161.55000000000916 27.449999999997278
-161.60000000000917 27.399999999997277
-161.6500000000092 27.349999999997276
-161.7000000000092 -84.35000000000032
-161.7000000000092 27.299999999997276
-161.7500000000092 -84.35000000000032
-161.7500000000092 27.249999999997275
-162.1500000000093 -84.30000000000032
-162.2000000000093 -84.30000000000032
-162.6000000000094 -84.25000000000033
-162.6500000000094 -84.25000000000033
-163.0500000000095 -84.20000000000033
-163.10000000000952 -84.20000000000033
-163.5000000000096 -84.15000000000033
-163.5000000000096 25.49999999999725
-163.55000000000962 25.44999999999725
-163.60000000000963 25.39999999999725
-163.65000000000964 25.349999999997248
-163.9000000000097 -84.10000000000034
-163.9500000000097 -84.10000000000034
-164.3000000000098 -84.05000000000034
-164.3500000000098 -84.05000000000034
-164.3500000000098 24.599999999997237
-164.4000000000098 24.549999999997237
-164.70000000000988 -84.00000000000034
-164.7500000000099 -84.00000000000034
-164.8500000000099 24.04999999999723
-164.90000000000992 23.99999999999723
-165.10000000000997 -83.95000000000034
-165.15000000000998 -83.95000000000034
-165.30000000001002 23.549999999997222
-165.50000000001006 -83.90000000000035
-165.6500000000101 23.149999999997217
-165.85000000001014 -83.85000000000035
-165.90000000001015 -83.85000000000035
-165.95000000001016 22.799999999997212
-166.25000000001023 -83.80000000000035
-166.25000000001023 22.449999999997207
-166.5000000000103 22.149999999997203
-166.6000000000103 -83.75000000000036
-166.75000000001035 21.8499999999972
-166.9500000000104 -83.70000000000036
-167.20000000001045 21.29999999999719
-167.30000000001047 -83.65000000000036
-167.4000000000105 21.049999999997187
-167.60000000001054 -83.60000000000036
-167.60000000001054 20.799999999997183
-167.65000000001055 -83.60000000000036
-167.95000000001062 -83.55000000000037
-167.95000000001062 20.349999999997177
-168.2500000000107 -83.50000000000037
-168.3000000000107 -83.50000000000037
-168.3000000000107 19.89999999999717
-168.45000000001073 19.699999999997168
-168.60000000001077 -83.45000000000037
-168.60000000001077 19.499999999997165
-168.7500000000108 19.299999999997162
-168.90000000001083 -83.40000000000038
-168.90000000001083 19.09999999999716
-169.05000000001087 18.899999999997156
-169.2000000000109 -83.35000000000038
-169.2000000000109 18.699999999997154
-169.45000000001096 18.34999999999715
-169.50000000001097 -83.30000000000038
-169.600000000011 18.149999999997146
-169.80000000001104 -83.25000000000038
-169.85000000001105 17.79999999999714
-169.95000000001107 17.64999999999714
-170.0500000000111 -83.20000000000039
-170.1000000000111 -83.20000000000039
-170.20000000001113 17.299999999997134
-170.35000000001116 -83.15000000000039
-170.65000000001123 -83.10000000000039
-170.65000000001123 16.649999999997124
-170.75000000001125 16.499999999997122
-170.85000000001128 16.34999999999712
-170.9000000000113 -83.0500000000004
-170.9500000000113 16.199999999997118
-171.15000000001135 -83.0000000000004
-171.3500000000114 15.599999999997111
-171.4000000000114 -82.9500000000004
-171.4500000000114 -82.9500000000004
-171.4500000000114 15.44999999999711
-171.55000000001144 15.299999999997107
-171.65000000001146 15.149999999997105
-171.70000000001147 -82.9000000000004
-171.95000000001153 -82.8500000000004
-172.00000000001154 14.599999999997097
-172.10000000001156 14.449999999997095
-172.20000000001158 -82.80000000000041
-172.35000000001162 14.04999999999709
-172.40000000001163 -82.75000000000041
-172.45000000001164 -82.75000000000041
-172.60000000001168 13.649999999997084
-172.6500000000117 -82.70000000000041
-172.85000000001173 13.249999999997078
-172.90000000001174 -82.65000000000042
-173.00000000001177 12.999999999997074
-173.1500000000118 -82.60000000000042
-173.1500000000118 12.74999999999707
-173.30000000001183 12.499999999997067
-173.35000000001185 -82.55000000000042
-173.45000000001187 12.249999999997064
-173.5500000000119 -82.50000000000043
-173.6000000000119 -82.50000000000043
-173.6000000000119 11.99999999999706
-173.80000000001195 -82.45000000000043
-173.80000000001195 11.649999999997055
-173.95000000001198 11.399999999997052
-174.000000000012 -82.40000000000043
-174.15000000001203 11.049999999997047
-174.20000000001204 -82.35000000000043
-174.25000000001205 -82.35000000000043
-174.35000000001207 10.699999999997042
-174.4500000000121 -82.30000000000044
-174.60000000001213 10.249999999997035
-174.65000000001214 -82.25000000000044
-174.8500000000122 -82.20000000000044
-174.8500000000122 9.799999999997029
-175.05000000001223 -82.15000000000045
-175.10000000001224 9.349999999997022
-175.15000000001226 9.249999999997021
-175.25000000001228 -82.10000000000045
-175.45000000001232 -82.05000000000045
-175.45000000001232 8.699999999997013
-175.50000000001234 8.599999999997012
-175.60000000001236 -82.00000000000045
-175.8000000000124 -81.95000000000046
-175.85000000001241 7.949999999997004
-175.90000000001243 7.849999999997005
-175.95000000001244 7.749999999997005
-176.00000000001245 -81.90000000000046
-176.00000000001245 7.649999999997005
-176.15000000001248 -81.85000000000046
-176.35000000001253 -81.80000000000047
-176.55000000001257 -81.75000000000047
-176.7000000000126 -81.70000000000047
-176.85000000001264 -81.65000000000047
-177.0500000000127 -81.60000000000048
-177.20000000001272 -81.55000000000048
-177.35000000001276 -81.50000000000048
-177.45000000001278 4.749999999997016
-177.5000000000128 4.649999999997016
-177.5500000000128 -81.45000000000049
-177.5500000000128 4.549999999997016
-177.70000000001284 -81.40000000000049
-177.85000000001287 -81.35000000000049
-177.9500000000129 3.6999999999970195
-178.0000000000129 -81.3000000000005
-178.0000000000129 3.59999999999702
-178.15000000001294 -81.2500000000005
-178.25000000001296 3.0499999999970218
-178.30000000001297 -81.2000000000005
-178.30000000001297 2.949999999997022
-178.450000000013 -81.1500000000005
-178.55000000001303 2.399999999997024
-178.60000000001304 -81.1000000000005
-178.75000000001307 -81.05000000000051
-178.75000000001307 1.9499999999970252
-178.9000000000131 -81.00000000000051
-178.95000000001312 1.4999999999970248
-179.05000000001314 -80.95000000000051
-179.15000000001316 -80.90000000000052
-179.15000000001316 1.0499999999970244
-179.3000000000132 -80.85000000000052
-179.3000000000132 0.6999999999970242
-179.45000000001323 -80.80000000000052
-179.60000000001327 -2.9759111841443087E-12
-179.7000000000133 -80.70000000000053
-179.7500000000133 -0.3500000000029759
-179.85000000001332 -80.65000000000053
-179.90000000001334 -0.700000000002976
-179.95000000001335 -80.60000000000053
