4.699999999997016 -150.39999999999327
4.749999999997016 -150.39999999999327
4.7999999999970155 -150.39999999999327
4.849999999997015 -150.39999999999327
4.899999999997015 -150.39999999999327
4.949999999997015 -150.39999999999327
4.999999999997015 -150.39999999999327
5.049999999997015 -150.39999999999327
5.0999999999970145 -150.39999999999327
5.149999999997014 -150.39999999999327
5.199999999997014 -150.39999999999327
5.249999999997014 -150.39999999999327
5.299999999997014 -150.39999999999327
6.34999999999701 -150.39999999999327
6.39999999999701 -150.39999999999327
6.44999999999701 -150.39999999999327
6.4999999999970095 -150.39999999999327
6.549999999997009 -150.39999999999327
6.599999999997009 -150.39999999999327
6.649999999997009 -150.39999999999327
6.699999999997009 -150.39999999999327
6.749999999997009 -150.39999999999327
6.799999999997008 -150.39999999999327
6.849999999997008 -150.39999999999327
6.899999999997008 -150.39999999999327
6.949999999997008 -150.39999999999327
2.999999999997022 -150.34999999999326
3.0499999999970218 -150.34999999999326
3.0999999999970216 -150.34999999999326
3.1499999999970214 -150.34999999999326
8.49999999999701 -150.34999999999326
8.549999999997011 -150.34999999999326
8.599999999997012 -150.34999999999326
8.649999999997013 -150.34999999999326
1.9499999999970252 -150.29999999999325
1.9999999999970253 -150.29999999999325
2.0499999999970253 -150.29999999999325
9.549999999997025 -150.29999999999325
9.599999999997026 -150.29999999999325
9.649999999997027 -150.29999999999325
1.1499999999970245 -150.24999999999324
1.1999999999970246 -150.24999999999324
10.399999999997037 -150.24999999999324
10.449999999997038 -150.24999999999324
0.49999999999702405 -150.19999999999322
11.049999999997047 -150.19999999999322
11.099999999997047 -150.19999999999322
-0.15000000000297592 -150.1499999999932
-0.10000000000297592 -150.1499999999932
11.649999999997055 -150.1499999999932
11.699999999997056 -150.1499999999932
-0.700000000002976 -150.0999999999932
-0.650000000002976 -150.0999999999932
12.199999999997063 -150.0999999999932
12.249999999997064 -150.0999999999932
-1.2000000000029765 -150.0499999999932
-1.1500000000029764 -150.0499999999932
12.69999999999707 -150.0499999999932
12.74999999999707 -150.0499999999932
-1.6500000000029769 -149.99999999999318
13.199999999997077 -149.99999999999318
-2.100000000002977 -149.94999999999317
13.599999999997083 -149.94999999999317
13.649999999997084 -149.94999999999317
-2.5000000000029754 -149.89999999999316
14.04999999999709 -149.89999999999316
-2.900000000002974 -149.84999999999314
14.399999999997094 -149.84999999999314
14.449999999997095 -149.84999999999314
-3.3000000000029726 -149.79999999999313
14.7999999999971 -149.79999999999313
-3.6500000000029713 -149.74999999999312
15.149999999997105 -149.74999999999312
-4.00000000000297 -149.6999999999931
15.49999999999711 -149.6999999999931
-4.350000000002969 -149.6499999999931
15.799999999997114 -149.6499999999931
-4.700000000002968 -149.5999999999931
16.149999999997117 -149.5999999999931
-5.0000000000029665 -149.54999999999308
16.44999999999712 -149.54999999999308
-5.3000000000029655 -149.49999999999307
16.749999999997126 -149.49999999999307
-5.600000000002964 -149.44999999999305
-5.900000000002963 -149.39999999999304
17.299999999997134 -149.39999999999304
-6.200000000002962 -149.34999999999303
-6.450000000002961 -149.29999999999302
17.84999999999714 -149.29999999999302
18.099999999997145 -149.249999999993
-7.000000000002959 -149.199999999993
18.34999999999715 -149.199999999993
-7.2500000000029585 -149.14999999999299
18.599999999997152 -149.14999999999299
-7.500000000002958 -149.09999999999297
18.849999999997156 -149.09999999999297
-7.750000000002957 -149.04999999999296
-8.000000000002956 -148.99999999999295
19.299999999997162 -148.99999999999295
19.549999999997166 -148.94999999999294
-8.450000000002962 -148.89999999999293
19.74999999999717 -148.89999999999293
-8.700000000002966 -148.84999999999292
20.199999999997175 -148.7999999999929
-9.150000000002972 -148.7499999999929
20.399999999997178 -148.7499999999929
-9.350000000002975 -148.69999999999288
20.59999999999718 -148.69999999999288
20.799999999997183 -148.64999999999287
20.999999999997186 -148.59999999999286
-10.000000000002984 -148.54999999999285
21.19999999999719 -148.54999999999285
-10.200000000002987 -148.49999999999284
21.399999999997192 -148.49999999999284
-10.40000000000299 -148.44999999999283
21.599999999997195 -148.44999999999283
-10.600000000002993 -148.39999999999281
-10.800000000002996 -148.3499999999928
21.9499999999972 -148.3499999999928
-11.000000000002998 -148.2999999999928
22.149999999997203 -148.2999999999928
22.499999999997208 -148.19999999999277
-11.550000000003006 -148.14999999999276
-11.75000000000301 -148.09999999999275
22.849999999997213 -148.09999999999275
-12.100000000003014 -147.99999999999272
23.199999999997218 -147.99999999999272
23.34999999999722 -147.9499999999927
-12.450000000003019 -147.8999999999927
-12.800000000003024 -147.79999999999268
23.849999999997227 -147.79999999999268
-12.950000000003026 -147.74999999999267
23.99999999999723 -147.74999999999267
24.14999999999723 -147.69999999999266
-13.300000000003031 -147.64999999999264
-13.450000000003033 -147.59999999999263
-13.95000000000304 -147.4499999999926
-14.100000000003043 -147.3999999999926
-14.250000000003045 -147.34999999999258
-14.400000000003047 -147.29999999999256
25.349999999997248 -147.29999999999256
25.49999999999725 -147.24999999999255
25.649999999997252 -147.19999999999254
-15.150000000003057 -147.0499999999925
26.049999999997258 -147.0499999999925
-15.30000000000306 -146.9999999999925
26.19999999999726 -146.9999999999925
-15.450000000003062 -146.94999999999249
-15.600000000003064 -146.89999999999247
26.449999999997264 -146.89999999999247
26.599999999997266 -146.84999999999246
26.84999999999727 -146.74999999999244
-16.15000000000307 -146.69999999999243
-16.300000000003074 -146.64999999999242
27.099999999997273 -146.64999999999242
27.349999999997276 -146.5499999999924
-16.70000000000308 -146.49999999999238
27.59999999999728 -146.44999999999237
-17.100000000003085 -146.34999999999235
27.849999999997284 -146.34999999999235
-17.35000000000309 -146.24999999999233
28.099999999997287 -146.24999999999233
28.19999999999729 -146.19999999999231
-17.600000000003092 -146.1499999999923
28.449999999997292 -146.0999999999923
-17.850000000003096 -146.04999999999228
28.549999999997294 -146.04999999999228
-18.1000000000031 -145.94999999999226
28.8999999999973 -145.89999999999225
-18.350000000003103 -145.84999999999224
-18.600000000003106 -145.7499999999922
29.349999999997305 -145.6999999999922
29.449999999997306 -145.6499999999922
-18.95000000000311 -145.59999999999218
-19.300000000003116 -145.44999999999214
-19.400000000003118 -145.39999999999213
30.199999999997317 -145.2999999999921
-19.750000000003123 -145.2499999999921
30.29999999999732 -145.2499999999921
-19.850000000003124 -145.1999999999921
30.39999999999732 -145.1999999999921
30.49999999999732 -145.14999999999208
30.599999999997323 -145.09999999999206
30.699999999997324 -145.04999999999205
-20.30000000000313 -144.99999999999204
30.799999999997326 -144.99999999999204
-20.400000000003132 -144.94999999999203
30.899999999997327 -144.94999999999203
30.99999999999733 -144.89999999999202
31.09999999999733 -144.849999999992
31.19999999999733 -144.799999999992
-21.150000000003143 -144.59999999999195
-21.250000000003144 -144.54999999999194
-21.350000000003146 -144.49999999999193
-21.450000000003147 -144.44999999999192
31.84999999999734 -144.44999999999192
-21.55000000000315 -144.3999999999919
31.949999999997342 -144.3999999999919
-21.65000000000315 -144.3499999999919
-21.75000000000315 -144.29999999999188
-21.850000000003153 -144.24999999999187
-21.950000000003154 -144.19999999999186
32.299999999997326 -144.19999999999186
-22.050000000003156 -144.14999999999185
32.39999999999732 -144.14999999999185
-22.150000000003157 -144.09999999999184
-22.25000000000316 -144.04999999999183
32.7499999999973 -143.9499999999918
33.09999999999728 -143.74999999999176
-22.900000000003168 -143.69999999999175
-23.00000000000317 -143.64999999999173
-23.10000000000317 -143.59999999999172
33.349999999997266 -143.59999999999172
33.59999999999725 -143.4499999999917
-23.550000000003177 -143.34999999999167
33.84999999999724 -143.29999999999166
33.99999999999723 -143.19999999999163
-23.900000000003182 -143.14999999999162
-24.000000000003183 -143.0999999999916
34.249999999997215 -143.0499999999916
-24.250000000003187 -142.94999999999158
34.399999999997206 -142.94999999999158
34.5499999999972 -142.84999999999155
-24.60000000000319 -142.74999999999153
-24.850000000003195 -142.5999999999915
-25.1000000000032 -142.44999999999146
35.44999999999715 -142.24999999999142
-25.500000000003205 -142.1999999999914
35.59999999999714 -142.1499999999914
35.74999999999713 -142.04999999999137
-25.90000000000321 -141.94999999999135
35.94999999999712 -141.89999999999134
-26.050000000003212 -141.84999999999133
36.09999999999711 -141.79999999999131
36.2999999999971 -141.64999999999128
36.64999999999708 -141.39999999999122
-27.25000000000323 -141.04999999999114
37.09999999999705 -141.04999999999114
-27.40000000000323 -140.94999999999112
37.29999999999704 -140.8999999999911
-27.750000000003237 -140.69999999999106
37.54999999999703 -140.69999999999106
-27.90000000000324 -140.59999999999104
37.79999999999701 -140.49999999999102
-28.10000000000324 -140.449999999991
-28.300000000003244 -140.29999999999097
38.049999999997 -140.29999999999097
-28.65000000000325 -140.04999999999092
38.34999999999698 -140.04999999999092
38.69999999999696 -139.74999999999085
-29.100000000003256 -139.69999999999084
-29.30000000000326 -139.5499999999908
39.04999999999694 -139.44999999999078
39.09999999999694 -139.39999999999077
-29.550000000003262 -139.34999999999076
-29.800000000003266 -139.1499999999907
39.54999999999691 -138.99999999999068
-30.05000000000327 -138.94999999999067
39.59999999999691 -138.94999999999067
39.64999999999691 -138.89999999999065
-30.350000000003273 -138.6999999999906
-30.650000000003278 -138.44999999999055
-30.70000000000328 -138.39999999999054
-31.050000000003283 -138.09999999999047
40.599999999996854 -137.99999999999045
40.64999999999685 -137.94999999999044
40.69999999999685 -137.89999999999043
40.749999999996845 -137.84999999999042
40.79999999999684 -137.7999999999904
-31.45000000000329 -137.7499999999904
40.84999999999684 -137.7499999999904
-31.50000000000329 -137.69999999999038
-32.0000000000033 -137.24999999999028
-32.050000000003294 -137.19999999999027
-32.10000000000329 -137.14999999999026
-32.15000000000329 -137.09999999999025
41.69999999999679 -136.8499999999902
41.74999999999679 -136.79999999999018
41.799999999996786 -136.74999999999017
42.19999999999676 -136.29999999999006
42.24999999999676 -136.24999999999005
42.54999999999674 -135.89999999998997
42.59999999999674 -135.84999999998996
42.849999999996726 -135.5499999999899
42.89999999999672 -135.49999999998988
-34.00000000000318 -135.24999999998983
43.09999999999671 -135.24999999998983
-34.05000000000318 -135.1999999999898
43.14999999999671 -135.1999999999898
-34.10000000000318 -135.1499999999898
43.3499999999967 -134.94999999998976
43.549999999996686 -134.6999999999897
-34.55000000000315 -134.6499999999897
-34.60000000000315 -134.59999999998968
-34.650000000003146 -134.54999999998967
43.749999999996675 -134.44999999998964
43.899999999996666 -134.2499999999896
-34.95000000000313 -134.1999999999896
-35.000000000003126 -134.14999999998957
44.04999999999666 -134.04999999998955
44.19999999999665 -133.8499999999895
-35.30000000000311 -133.7999999999895
44.34999999999664 -133.64999999998946
-35.550000000003095 -133.49999999998943
44.49999999999663 -133.44999999998942
44.64999999999662 -133.24999999998937
-35.80000000000308 -133.19999999998936
44.74999999999662 -133.09999999998934
-36.00000000000307 -132.9499999999893
44.89999999999661 -132.8999999999893
44.999999999996604 -132.74999999998926
-36.20000000000306 -132.69999999998925
45.0999999999966 -132.59999999998922
-36.40000000000305 -132.4499999999892
-36.75000000000303 -131.9999999999891
-36.90000000000302 -131.79999999998904
-37.05000000000301 -131.599999999989
45.79999999999656 -131.54999999998898
45.89999999999655 -131.39999999998895
-37.300000000002996 -131.24999999998892
45.99999999999655 -131.24999999998892
-37.45000000000299 -131.04999999998887
46.14999999999654 -130.99999999998886
-37.55000000000298 -130.89999999998884
46.24999999999653 -130.84999999998882
46.399999999996524 -130.59999999998877
-37.80000000000297 -130.54999999998876
-37.90000000000296 -130.39999999998872
46.549999999996515 -130.3499999999887
-38.000000000002956 -130.2499999999887
46.69999999999651 -130.09999999998865
46.899999999996496 -129.74999999998857
-38.50000000000293 -129.49999999998852
47.099999999996484 -129.3999999999885
-38.60000000000292 -129.34999999998848
-38.700000000002916 -129.19999999998845
47.29999999999647 -129.04999999998842
47.34999999999647 -128.9499999999884
47.39999999999647 -128.84999999998837
-38.9500000000029 -128.79999999998836
-39.10000000000289 -128.5499999999883
-39.20000000000289 -128.39999999998827
47.64999999999645 -128.39999999998827
47.69999999999645 -128.29999999998824
47.74999999999645 -128.19999999998822
-39.35000000000288 -128.1499999999882
47.799999999996444 -128.0999999999882
-39.55000000000287 -127.7999999999882
-39.70000000000286 -127.54999999998822
-39.90000000000285 -127.19999999998824
48.34999999999641 -126.99999999998825
48.39999999999641 -126.89999999998825
48.44999999999641 -126.79999999998826
-40.150000000002834 -126.74999999998826
48.499999999996405 -126.69999999998826
48.5499999999964 -126.59999999998827
-40.45000000000282 -126.1999999999883
-40.500000000002814 -126.0999999999883
48.79999999999639 -126.0499999999883
-40.55000000000281 -125.9999999999883
48.849999999996385 -125.94999999998831
48.999999999996376 -125.59999999998833
49.04999999999637 -125.49999999998833
49.199999999996365 -125.14999999998835
49.349999999996356 -124.79999999998837
49.49999999999635 -124.44999999998839
-41.40000000000276 -124.2999999999884
-41.45000000000276 -124.1999999999884
49.59999999999634 -124.1999999999884
-41.50000000000276 -124.09999999998841
49.699999999996336 -123.94999999998842
49.79999999999633 -123.69999999998844
-41.700000000002746 -123.64999999998844
-41.75000000000274 -123.54999999998844
49.899999999996325 -123.44999999998845
-41.95000000000273 -123.09999999998847
50.04999999999632 -123.04999999998847
50.14999999999631 -122.79999999998849
-42.10000000000272 -122.74999999998849
50.19999999999631 -122.6499999999885
-42.250000000002714 -122.39999999998851
50.3499999999963 -122.24999999998852
50.3999999999963 -122.09999999998853
-42.400000000002706 -122.04999999998853
50.449999999996294 -121.94999999998853
-42.5000000000027 -121.79999999998854
-42.600000000002694 -121.54999999998856
-42.70000000000269 -121.29999999998857
50.69999999999628 -121.24999999998857
50.74999999999628 -121.09999999998858
-42.80000000000268 -121.04999999998859
50.799999999996274 -120.94999999998859
-42.950000000002674 -120.64999999998861
-43.100000000002666 -120.24999999998863
-43.15000000000266 -120.09999999998864
51.09999999999626 -119.99999999998865
51.149999999996254 -119.84999999998865
-43.300000000002655 -119.69999999998866
-43.35000000000265 -119.54999999998867
-43.40000000000265 -119.39999999998868
51.299999999996245 -119.34999999998868
-43.450000000002646 -119.24999999998869
51.39999999999624 -118.9999999999887
51.499999999996234 -118.64999999998872
-43.75000000000263 -118.34999999998874
51.59999999999623 -118.29999999998874
-43.800000000002626 -118.19999999998875
-43.85000000000262 -118.04999999998876
51.69999999999622 -117.94999999998876
-43.90000000000262 -117.89999999998876
51.74999999999622 -117.74999999998877
51.79999999999622 -117.54999999998878
-44.05000000000261 -117.3999999999888
-44.2000000000026 -116.89999999998882
-44.3000000000026 -116.54999999998884
-44.40000000000259 -116.19999999998886
52.1499999999962 -116.14999999998886
-44.45000000000259 -115.99999999998887
52.199999999996194 -115.94999999998888
52.24999999999619 -115.74999999998889
-44.55000000000258 -115.64999999998889
-44.60000000000258 -115.4499999999889
52.349999999996186 -115.29999999998891
-44.65000000000258 -115.24999999998892
52.44999999999618 -114.84999999998894
52.49999999999618 -114.59999999998895
-44.85000000000257 -114.44999999998896
52.549999999996174 -114.34999999998897
-44.900000000002564 -114.24999999998897
52.59999999999617 -114.09999999998898
-44.95000000000256 -114.04999999998898
-45.050000000002555 -113.59999999998901
52.699999999996166 -113.59999999998901
-45.10000000000255 -113.39999999998902
52.74999999999616 -113.34999999998902
-45.15000000000255 -113.14999999998903
52.79999999999616 -113.09999999998904
52.84999999999616 -112.79999999998905
-45.250000000002544 -112.69999999998906
52.899999999996155 -112.54999999998907
-45.30000000000254 -112.44999999998907
52.94999999999615 -112.24999999998909
-45.35000000000254 -112.19999999998909
-45.400000000002535 -111.9499999999891
52.99999999999615 -111.9499999999891
-45.45000000000253 -111.69999999998912
53.049999999996146 -111.64999999998912
-45.50000000000253 -111.44999999998913
53.09999999999614 -111.34999999998914
-45.55000000000253 -111.14999999998915
53.14999999999614 -111.04999999998915
-45.600000000002524 -110.89999999998916
53.19999999999614 -110.69999999998917
-45.65000000000252 -110.59999999998918
53.249999999996135 -110.3499999999892
-45.70000000000252 -110.2999999999892
-45.750000000002515 -109.99999999998921
53.29999999999613 -109.99999999998921
-45.80000000000251 -109.69999999998923
53.34999999999613 -109.64999999998923
-45.85000000000251 -109.34999999998925
53.399999999996126 -109.24999999998926
-45.90000000000251 -108.99999999998927
53.44999999999612 -108.84999999998928
-45.950000000002504 -108.64999999998929
53.49999999999612 -108.4499999999893
53.49999999999612 -108.3999999999893
-46.0000000000025 -108.29999999998931
53.54999999999612 -107.99999999998933
53.54999999999612 -107.94999999998933
-46.0500000000025 -107.89999999998933
-46.100000000002495 -107.49999999998936
53.599999999996115 -107.49999999998936
-46.15000000000249 -107.04999999998938
53.64999999999611 -106.99999999998938
53.64999999999611 -106.94999999998939
-46.20000000000249 -106.59999999998941
53.69999999999611 -106.44999999998942
53.69999999999611 -106.39999999998942
-46.25000000000249 -106.09999999998944
53.749999999996106 -105.84999999998945
53.749999999996106 -105.79999999998945
-46.300000000002484 -105.54999999998947
53.7999999999961 -105.19999999998949
53.7999999999961 -105.14999999998949
-46.35000000000248 -104.9499999999895
53.8499999999961 -104.39999999998953
53.8499999999961 -104.34999999998954
-46.40000000000248 -104.29999999998954
-46.40000000000248 -104.24999999998954
53.8999999999961 -103.49999999998958
-46.450000000002476 -103.44999999998959
53.8999999999961 -103.44999999998959
-46.450000000002476 -103.39999999998959
53.8999999999961 -103.39999999998959
53.8999999999961 -103.34999999998959
-46.50000000000247 -102.39999999998965
-46.50000000000247 -102.34999999998965
-46.50000000000247 -102.29999999998965
-46.50000000000247 -102.24999999998965
53.949999999996095 -102.14999999998966
53.949999999996095 -102.09999999998966
53.949999999996095 -102.04999999998967
53.949999999996095 -101.99999999998967
53.949999999996095 -101.94999999998967
53.949999999996095 -98.0499999999899
53.949999999996095 -97.9999999999899
53.949999999996095 -97.9499999999899
53.949999999996095 -97.8999999999899
53.949999999996095 -97.8499999999899
-46.50000000000247 -97.74999999998991
-46.50000000000247 -97.69999999998991
-46.50000000000247 -97.64999999998992
-46.50000000000247 -97.59999999998992
53.8999999999961 -96.64999999998997
-46.450000000002476 -96.59999999998998
53.8999999999961 -96.59999999998998
-46.450000000002476 -96.54999999998998
53.8999999999961 -96.54999999998998
53.8999999999961 -96.49999999998998
-46.40000000000248 -95.74999999999002
-46.40000000000248 -95.69999999999003
53.8499999999961 -95.64999999999003
53.8499999999961 -95.59999999999003
-46.35000000000248 -95.04999999999006
53.7999999999961 -94.84999999999008
53.7999999999961 -94.79999999999008
-46.300000000002484 -94.4499999999901
53.749999999996106 -94.19999999999011
53.749999999996106 -94.14999999999011
-46.25000000000249 -93.89999999999013
53.69999999999611 -93.59999999999015
53.69999999999611 -93.54999999999015
-46.20000000000249 -93.39999999999016
53.64999999999611 -93.04999999999018
53.64999999999611 -92.99999999999018
-46.15000000000249 -92.94999999999018
-46.100000000002495 -92.49999999999021
53.599999999996115 -92.49999999999021
-46.0500000000025 -92.09999999999023
53.54999999999612 -92.04999999999023
53.54999999999612 -91.99999999999024
-46.0000000000025 -91.69999999999025
53.49999999999612 -91.59999999999026
53.49999999999612 -91.54999999999026
-45.950000000002504 -91.34999999999027
53.44999999999612 -91.14999999999029
-45.90000000000251 -90.9999999999903
53.399999999996126 -90.74999999999031
-45.85000000000251 -90.64999999999031
53.34999999999613 -90.34999999999033
-45.80000000000251 -90.29999999999033
-45.750000000002515 -89.99999999999035
53.29999999999613 -89.99999999999035
-45.70000000000252 -89.69999999999037
53.249999999996135 -89.64999999999037
-45.65000000000252 -89.39999999999038
53.19999999999614 -89.29999999999039
-45.600000000002524 -89.0999999999904
53.14999999999614 -88.94999999999041
-45.55000000000253 -88.84999999999042
53.09999999999614 -88.64999999999043
-45.50000000000253 -88.54999999999043
53.049999999996146 -88.34999999999044
-45.45000000000253 -88.29999999999045
-45.400000000002535 -88.04999999999046
52.99999999999615 -88.04999999999046
-45.35000000000254 -87.79999999999048
52.94999999999615 -87.74999999999048
-45.30000000000254 -87.54999999999049
52.899999999996155 -87.4499999999905
-45.250000000002544 -87.2999999999905
52.84999999999616 -87.19999999999051
52.79999999999616 -86.89999999999053
-45.15000000000255 -86.84999999999053
52.74999999999616 -86.64999999999054
-45.10000000000255 -86.59999999999054
-45.050000000002555 -86.39999999999056
52.699999999996166 -86.39999999999056
-44.95000000000256 -85.94999999999058
52.59999999999617 -85.89999999999058
-44.900000000002564 -85.74999999999059
52.549999999996174 -85.6499999999906
-44.85000000000257 -85.5499999999906
52.49999999999618 -85.39999999999061
52.44999999999618 -85.14999999999063
-44.65000000000258 -84.74999999999065
52.349999999996186 -84.69999999999065
-44.60000000000258 -84.54999999999066
-44.55000000000258 -84.34999999999067
52.24999999999619 -84.24999999999068
52.199999999996194 -84.04999999999069
-44.45000000000259 -83.99999999999069
52.1499999999962 -83.8499999999907
-44.40000000000259 -83.7999999999907
-44.3000000000026 -83.44999999999072
-44.2000000000026 -83.09999999999074
-44.05000000000261 -82.59999999999077
51.79999999999622 -82.44999999999078
51.74999999999622 -82.24999999999079
-43.90000000000262 -82.0999999999908
51.69999999999622 -82.0499999999908
-43.85000000000262 -81.94999999999081
-43.800000000002626 -81.79999999999082
51.59999999999623 -81.69999999999082
-43.75000000000263 -81.64999999999083
51.499999999996234 -81.34999999999084
51.39999999999624 -80.99999999999086
-43.450000000002646 -80.74999999999088
51.299999999996245 -80.64999999999088
-43.40000000000265 -80.59999999999089
-43.35000000000265 -80.4499999999909
-43.300000000002655 -80.2999999999909
51.149999999996254 -80.14999999999091
51.09999999999626 -79.99999999999092
-43.15000000000266 -79.89999999999092
-43.100000000002666 -79.74999999999093
-42.950000000002674 -79.34999999999096
50.799999999996274 -79.04999999999097
-42.80000000000268 -78.94999999999098
50.74999999999628 -78.89999999999098
50.69999999999628 -78.74999999999099
-42.70000000000269 -78.699999999991
-42.600000000002694 -78.44999999999101
-42.5000000000027 -78.19999999999102
50.449999999996294 -78.04999999999103
-42.400000000002706 -77.94999999999104
50.3999999999963 -77.89999999999104
50.3499999999963 -77.74999999999105
-42.250000000002714 -77.59999999999106
50.19999999999631 -77.34999999999107
-42.10000000000272 -77.24999999999108
50.14999999999631 -77.19999999999108
50.04999999999632 -76.94999999999109
-41.95000000000273 -76.8999999999911
49.899999999996325 -76.54999999999112
-41.75000000000274 -76.44999999999112
-41.700000000002746 -76.34999999999113
49.79999999999633 -76.29999999999113
49.699999999996336 -76.04999999999114
-41.50000000000276 -75.89999999999115
-41.45000000000276 -75.79999999999116
49.59999999999634 -75.79999999999116
-41.40000000000276 -75.69999999999116
49.49999999999635 -75.54999999999117
49.349999999996356 -75.19999999999119
49.199999999996365 -74.84999999999121
49.04999999999637 -74.49999999999123
48.999999999996376 -74.39999999999124
48.849999999996385 -74.04999999999126
-40.55000000000281 -73.99999999999126
48.79999999999639 -73.94999999999126
-40.500000000002814 -73.89999999999127
-40.45000000000282 -73.79999999999127
48.5499999999964 -73.3999999999913
48.499999999996405 -73.2999999999913
-40.150000000002834 -73.2499999999913
48.44999999999641 -73.1999999999913
48.39999999999641 -73.09999999999131
48.34999999999641 -72.99999999999132
-39.90000000000285 -72.79999999999133
-39.70000000000286 -72.44999999999135
-39.55000000000287 -72.19999999999136
47.799999999996444 -71.89999999999138
-39.35000000000288 -71.84999999999138
47.74999999999645 -71.79999999999139
47.69999999999645 -71.69999999999139
-39.20000000000289 -71.5999999999914
47.64999999999645 -71.5999999999914
-39.10000000000289 -71.4499999999914
-38.9500000000029 -71.19999999999142
47.39999999999647 -71.14999999999142
47.34999999999647 -71.04999999999143
47.29999999999647 -70.94999999999143
-38.700000000002916 -70.79999999999144
-38.60000000000292 -70.64999999999145
47.099999999996484 -70.59999999999145
-38.50000000000293 -70.49999999999146
46.899999999996496 -70.24999999999147
46.69999999999651 -69.8999999999915
-38.000000000002956 -69.7499999999915
46.549999999996515 -69.64999999999151
-37.90000000000296 -69.59999999999151
-37.80000000000297 -69.44999999999152
46.399999999996524 -69.39999999999152
46.24999999999653 -69.14999999999154
-37.55000000000298 -69.09999999999154
46.14999999999654 -68.99999999999154
-37.45000000000299 -68.94999999999155
-37.300000000002996 -68.74999999999156
45.99999999999655 -68.74999999999156
45.89999999999655 -68.59999999999157
45.79999999999656 -68.44999999999158
-37.05000000000301 -68.39999999999158
-36.90000000000302 -68.19999999999159
-36.75000000000303 -67.9999999999916
-36.40000000000305 -67.54999999999163
45.0999999999966 -67.39999999999164
-36.20000000000306 -67.29999999999164
44.999999999996604 -67.24999999999164
44.89999999999661 -67.09999999999165
-36.00000000000307 -67.04999999999166
44.74999999999662 -66.89999999999166
-35.80000000000308 -66.79999999999167
44.64999999999662 -66.74999999999167
44.49999999999663 -66.54999999999168
-35.550000000003095 -66.49999999999169
44.34999999999664 -66.3499999999917
-35.30000000000311 -66.1999999999917
44.19999999999665 -66.1499999999917
44.04999999999666 -65.94999999999172
-35.000000000003126 -65.84999999999172
-34.95000000000313 -65.79999999999173
43.899999999996666 -65.74999999999173
43.749999999996675 -65.54999999999174
-34.650000000003146 -65.44999999999175
-34.60000000000315 -65.39999999999175
-34.55000000000315 -65.34999999999175
43.549999999996686 -65.29999999999175
43.3499999999967 -65.04999999999177
-34.10000000000318 -64.84999999999178
-34.05000000000318 -64.79999999999178
43.14999999999671 -64.79999999999178
-34.00000000000318 -64.74999999999179
43.09999999999671 -64.74999999999179
42.89999999999672 -64.4999999999918
42.849999999996726 -64.4499999999918
42.59999999999674 -64.14999999999182
42.54999999999674 -64.09999999999182
42.24999999999676 -63.74999999999184
42.19999999999676 -63.699999999991846
41.799999999996786 -63.24999999999187
41.74999999999679 -63.199999999991874
41.69999999999679 -63.14999999999188
-32.15000000000329 -62.89999999999189
-32.10000000000329 -62.849999999991894
-32.050000000003294 -62.7999999999919
-32.0000000000033 -62.7499999999919
-31.50000000000329 -62.299999999991925
-31.45000000000329 -62.24999999999193
40.84999999999684 -62.24999999999193
40.79999999999684 -62.19999999999193
40.749999999996845 -62.149999999991934
40.69999999999685 -62.09999999999194
40.64999999999685 -62.04999999999194
40.599999999996854 -61.99999999999194
-31.050000000003283 -61.89999999999195
-30.70000000000328 -61.599999999991965
-30.650000000003278 -61.54999999999197
-30.350000000003273 -61.29999999999198
39.64999999999691 -61.099999999991994
-30.05000000000327 -61.049999999991996
39.59999999999691 -61.049999999991996
39.54999999999691 -60.999999999992
-29.800000000003266 -60.84999999999201
-29.550000000003262 -60.64999999999202
39.09999999999694 -60.59999999999202
39.04999999999694 -60.549999999992025
-29.30000000000326 -60.44999999999203
-29.100000000003256 -60.29999999999204
38.69999999999696 -60.24999999999204
-28.65000000000325 -59.94999999999206
38.34999999999698 -59.94999999999206
-28.300000000003244 -59.69999999999207
38.049999999997 -59.69999999999207
-28.10000000000324 -59.54999999999208
37.79999999999701 -59.499999999992085
-27.90000000000324 -59.39999999999209
-27.750000000003237 -59.299999999992096
37.54999999999703 -59.299999999992096
37.29999999999704 -59.09999999999211
-27.40000000000323 -59.04999999999211
-27.25000000000323 -58.949999999992116
37.09999999999705 -58.949999999992116
36.64999999999708 -58.599999999992136
36.2999999999971 -58.34999999999215
36.09999999999711 -58.19999999999216
-26.050000000003212 -58.14999999999216
35.94999999999712 -58.099999999992164
-25.90000000000321 -58.04999999999217
35.74999999999713 -57.94999999999217
35.59999999999714 -57.84999999999218
-25.500000000003205 -57.79999999999218
35.44999999999715 -57.749999999992184
-25.1000000000032 -57.549999999992195
-24.850000000003195 -57.399999999992204
-24.60000000000319 -57.24999999999221
34.5499999999972 -57.14999999999222
-24.250000000003187 -57.049999999992224
34.399999999997206 -57.049999999992224
34.249999999997215 -56.94999999999223
-24.000000000003183 -56.89999999999223
-23.900000000003182 -56.849999999992235
33.99999999999723 -56.79999999999224
33.84999999999724 -56.699999999992244
-23.550000000003177 -56.64999999999225
33.59999999999725 -56.54999999999225
-23.10000000000317 -56.39999999999226
33.349999999997266 -56.39999999999226
-23.00000000000317 -56.349999999992264
-22.900000000003168 -56.29999999999227
33.09999999999728 -56.24999999999227
32.7499999999973 -56.04999999999228
-22.25000000000316 -55.949999999992286
-22.150000000003157 -55.89999999999229
-22.050000000003156 -55.84999999999229
32.39999999999732 -55.84999999999229
-21.950000000003154 -55.799999999992295
32.299999999997326 -55.799999999992295
-21.850000000003153 -55.7499999999923
-21.75000000000315 -55.6999999999923
-21.65000000000315 -55.6499999999923
-21.55000000000315 -55.599999999992306
31.949999999997342 -55.599999999992306
-21.450000000003147 -55.54999999999231
31.84999999999734 -55.54999999999231
-21.350000000003146 -55.49999999999231
-21.250000000003144 -55.449999999992315
-21.150000000003143 -55.39999999999232
31.19999999999733 -55.19999999999233
31.09999999999733 -55.14999999999233
30.99999999999733 -55.099999999992335
-20.400000000003132 -55.04999999999234
30.899999999997327 -55.04999999999234
-20.30000000000313 -54.99999999999234
30.799999999997326 -54.99999999999234
30.699999999997324 -54.94999999999234
30.599999999997323 -54.899999999992346
30.49999999999732 -54.84999999999235
-19.850000000003124 -54.79999999999235
30.39999999999732 -54.79999999999235
-19.750000000003123 -54.749999999992355
30.29999999999732 -54.749999999992355
30.199999999997317 -54.69999999999236
-19.400000000003118 -54.59999999999236
-19.300000000003116 -54.549999999992366
-18.95000000000311 -54.399999999992374
29.449999999997306 -54.34999999999238
29.349999999997305 -54.29999999999238
-18.600000000003106 -54.24999999999238
-18.350000000003103 -54.14999999999239
28.8999999999973 -54.09999999999239
-18.1000000000031 -54.049999999992394
-17.850000000003096 -53.9499999999924
28.549999999997294 -53.9499999999924
28.449999999997292 -53.8999999999924
-17.600000000003092 -53.849999999992406
28.19999999999729 -53.79999999999241
-17.35000000000309 -53.74999999999241
28.099999999997287 -53.74999999999241
-17.100000000003085 -53.64999999999242
27.849999999997284 -53.64999999999242
27.59999999999728 -53.54999999999242
-16.70000000000308 -53.499999999992426
27.349999999997276 -53.44999999999243
-16.300000000003074 -53.349999999992434
27.099999999997273 -53.349999999992434
-16.15000000000307 -53.29999999999244
26.84999999999727 -53.24999999999244
26.599999999997266 -53.149999999992446
-15.600000000003064 -53.09999999999245
26.449999999997264 -53.09999999999245
-15.450000000003062 -53.04999999999245
-15.30000000000306 -52.999999999992454
26.19999999999726 -52.999999999992454
-15.150000000003057 -52.94999999999246
26.049999999997258 -52.94999999999246
25.649999999997252 -52.799999999992465
25.49999999999725 -52.74999999999247
-14.400000000003047 -52.69999999999247
25.349999999997248 -52.69999999999247
-14.250000000003045 -52.649999999992474
-14.100000000003043 -52.59999999999248
-13.95000000000304 -52.54999999999248
-13.450000000003033 -52.39999999999249
-13.300000000003031 -52.34999999999249
24.14999999999723 -52.299999999992494
-12.950000000003026 -52.2499999999925
23.99999999999723 -52.2499999999925
-12.800000000003024 -52.1999999999925
23.849999999997227 -52.1999999999925
-12.450000000003019 -52.099999999992505
23.34999999999722 -52.04999999999251
-12.100000000003014 -51.99999999999251
23.199999999997218 -51.99999999999251
-11.75000000000301 -51.89999999999252
22.849999999997213 -51.89999999999252
-11.550000000003006 -51.84999999999252
22.499999999997208 -51.79999999999252
-11.000000000002998 -51.69999999999253
22.149999999997203 -51.69999999999253
-10.800000000002996 -51.64999999999253
21.9499999999972 -51.64999999999253
-10.600000000002993 -51.599999999992534
-10.40000000000299 -51.54999999999254
21.599999999997195 -51.54999999999254
-10.200000000002987 -51.49999999999254
21.399999999997192 -51.49999999999254
-10.000000000002984 -51.44999999999254
21.19999999999719 -51.44999999999254
20.999999999997186 -51.399999999992545
20.799999999997183 -51.34999999999255
-9.350000000002975 -51.29999999999255
20.59999999999718 -51.29999999999255
-9.150000000002972 -51.24999999999255
20.399999999997178 -51.24999999999255
20.199999999997175 -51.199999999992556
-8.700000000002966 -51.14999999999256
-8.450000000002962 -51.09999999999256
19.74999999999717 -51.09999999999256
19.549999999997166 -51.049999999992565
-8.000000000002956 -50.99999999999257
19.299999999997162 -50.99999999999257
-7.750000000002957 -50.94999999999257
-7.500000000002958 -50.89999999999257
18.849999999997156 -50.89999999999257
-7.2500000000029585 -50.849999999992576
18.599999999997152 -50.849999999992576
-7.000000000002959 -50.79999999999258
18.34999999999715 -50.79999999999258
18.099999999997145 -50.74999999999258
-6.450000000002961 -50.699999999992585
17.84999999999714 -50.699999999992585
-6.200000000002962 -50.64999999999259
-5.900000000002963 -50.59999999999259
17.299999999997134 -50.59999999999259
-5.600000000002964 -50.54999999999259
-5.3000000000029655 -50.499999999992596
16.749999999997126 -50.499999999992596
-5.0000000000029665 -50.4499999999926
16.44999999999712 -50.4499999999926
-4.700000000002968 -50.3999999999926
16.149999999997117 -50.3999999999926
-4.350000000002969 -50.349999999992605
15.799999999997114 -50.349999999992605
-4.00000000000297 -50.29999999999261
15.49999999999711 -50.29999999999261
-3.6500000000029713 -50.24999999999261
15.149999999997105 -50.24999999999261
-3.3000000000029726 -50.19999999999261
14.7999999999971 -50.19999999999261
-2.900000000002974 -50.149999999992616
14.399999999997094 -50.149999999992616
14.449999999997095 -50.149999999992616
-2.5000000000029754 -50.09999999999262
14.04999999999709 -50.09999999999262
-2.100000000002977 -50.04999999999262
13.599999999997083 -50.04999999999262
13.649999999997084 -50.04999999999262
-1.6500000000029769 -49.999999999992625
13.199999999997077 -49.999999999992625
-1.2000000000029765 -49.94999999999263
-1.1500000000029764 -49.94999999999263
12.69999999999707 -49.94999999999263
12.74999999999707 -49.94999999999263
-0.700000000002976 -49.89999999999263
-0.650000000002976 -49.89999999999263
12.199999999997063 -49.89999999999263
12.249999999997064 -49.89999999999263
-0.15000000000297592 -49.84999999999263
-0.10000000000297592 -49.84999999999263
11.649999999997055 -49.84999999999263
11.699999999997056 -49.84999999999263
0.49999999999702405 -49.799999999992636
11.049999999997047 -49.799999999992636
11.099999999997047 -49.799999999992636
1.1499999999970245 -49.74999999999264
1.1999999999970246 -49.74999999999264
10.399999999997037 -49.74999999999264
10.449999999997038 -49.74999999999264
1.9499999999970252 -49.69999999999264
1.9999999999970253 -49.69999999999264
2.0499999999970253 -49.69999999999264
9.549999999997025 -49.69999999999264
9.599999999997026 -49.69999999999264
9.649999999997027 -49.69999999999264
2.999999999997022 -49.649999999992644
3.0499999999970218 -49.649999999992644
3.0999999999970216 -49.649999999992644
3.1499999999970214 -49.649999999992644
8.49999999999701 -49.649999999992644
8.549999999997011 -49.649999999992644
8.599999999997012 -49.649999999992644
8.649999999997013 -49.649999999992644
4.699999999997016 -49.59999999999265
4.749999999997016 -49.59999999999265
4.7999999999970155 -49.59999999999265
4.849999999997015 -49.59999999999265
4.899999999997015 -49.59999999999265
4.949999999997015 -49.59999999999265
4.999999999997015 -49.59999999999265
5.049999999997015 -49.59999999999265
5.0999999999970145 -49.59999999999265
5.149999999997014 -49.59999999999265
5.199999999997014 -49.59999999999265
5.249999999997014 -49.59999999999265
5.299999999997014 -49.59999999999265
6.34999999999701 -49.59999999999265
6.39999999999701 -49.59999999999265
6.44999999999701 -49.59999999999265
6.4999999999970095 -49.59999999999265
6.549999999997009 -49.59999999999265
6.599999999997009 -49.59999999999265
6.649999999997009 -49.59999999999265
6.699999999997009 -49.59999999999265
6.749999999997009 -49.59999999999265
6.799999999997008 -49.59999999999265
6.849999999997008 -49.59999999999265
6.899999999997008 -49.59999999999265
6.949999999997008 -49.59999999999265
