-50.20000000000226 36.05000000000676
-50.150000000002265 36.05000000000676
-50.10000000000227 36.05000000000676
-50.05000000000227 36.05000000000676
-50.000000000002274 36.05000000000676
-49.95000000000228 36.05000000000676
-49.90000000000228 36.05000000000676
-46.20000000000249 36.05000000000676
-46.15000000000249 36.05000000000676
-46.100000000002495 36.05000000000676
-46.0500000000025 36.05000000000676
-46.0000000000025 36.05000000000676
-45.950000000002504 36.05000000000676
-45.90000000000251 36.05000000000676
-51.45000000000219 36.10000000000676
-51.400000000002194 36.10000000000676
-51.3500000000022 36.10000000000676
-51.3000000000022 36.10000000000676
-44.65000000000258 36.10000000000676
-44.60000000000258 36.10000000000676
-44.55000000000258 36.10000000000676
-44.500000000002586 36.10000000000676
-44.45000000000259 36.10000000000676
-52.35000000000214 36.150000000006756
-52.30000000000214 36.150000000006756
-52.250000000002146 36.150000000006756
-52.20000000000215 36.150000000006756
-43.55000000000264 36.150000000006756
-43.50000000000264 36.150000000006756
-43.450000000002646 36.150000000006756
-53.0500000000021 36.20000000000675
-53.0000000000021 36.20000000000675
-52.950000000002106 36.20000000000675
-42.65000000000269 36.20000000000675
-42.600000000002694 36.20000000000675
-42.5500000000027 36.20000000000675
-53.650000000002066 36.25000000000675
-53.60000000000207 36.25000000000675
-41.900000000002734 36.25000000000675
-41.85000000000274 36.25000000000675
-41.80000000000274 36.25000000000675
-54.200000000002035 36.30000000000675
-54.15000000000204 36.30000000000675
-41.200000000002774 36.30000000000675
-41.15000000000278 36.30000000000675
-54.70000000000201 36.350000000006744
-54.65000000000201 36.350000000006744
-40.55000000000281 36.350000000006744
-40.500000000002814 36.350000000006744
-55.100000000001984 36.40000000000674
-39.950000000002845 36.40000000000674
-39.90000000000285 36.40000000000674
-55.55000000000196 36.45000000000674
-55.50000000000196 36.45000000000674
-39.400000000002876 36.45000000000674
-39.35000000000288 36.45000000000674
-55.90000000000194 36.500000000006736
-38.85000000000291 36.500000000006736
-56.300000000001916 36.55000000000673
-56.25000000000192 36.55000000000673
-38.350000000002936 36.55000000000673
-56.6000000000019 36.60000000000673
-37.850000000002964 36.60000000000673
-56.95000000000188 36.65000000000673
-56.90000000000188 36.65000000000673
-37.40000000000299 36.65000000000673
-57.25000000000186 36.700000000006725
-57.200000000001864 36.700000000006725
-36.950000000003016 36.700000000006725
-57.550000000001845 36.75000000000672
-57.50000000000185 36.75000000000672
-36.50000000000304 36.75000000000672
-57.80000000000183 36.80000000000672
-36.100000000003064 36.80000000000672
-36.05000000000307 36.80000000000672
-58.10000000000181 36.850000000006716
-58.050000000001816 36.850000000006716
-35.65000000000309 36.850000000006716
-58.3500000000018 36.90000000000671
-35.25000000000311 36.90000000000671
-58.600000000001785 36.95000000000671
-34.850000000003135 36.95000000000671
-58.85000000000177 37.00000000000671
-34.500000000003155 37.00000000000671
-59.05000000000176 37.050000000006705
-34.10000000000318 37.050000000006705
-59.300000000001745 37.1000000000067
-33.7500000000032 37.1000000000067
-59.500000000001734 37.1500000000067
-33.40000000000322 37.1500000000067
-33.35000000000322 37.1500000000067
-59.75000000000172 37.200000000006696
-33.00000000000324 37.200000000006696
-59.95000000000171 37.25000000000669
-32.70000000000326 37.25000000000669
-32.65000000000326 37.25000000000669
-60.1500000000017 37.30000000000669
-32.35000000000328 37.30000000000669
-60.350000000001685 37.35000000000669
-32.0000000000033 37.35000000000669
-60.550000000001674 37.400000000006685
-31.650000000003292 37.400000000006685
-60.700000000001666 37.45000000000668
-31.350000000003288 37.45000000000668
-60.900000000001654 37.50000000000668
-31.000000000003283 37.50000000000668
-61.10000000000164 37.550000000006676
-30.70000000000328 37.550000000006676
-61.250000000001634 37.60000000000667
-30.400000000003274 37.60000000000667
-30.10000000000327 37.65000000000667
-61.600000000001614 37.70000000000667
-29.800000000003266 37.70000000000667
-61.750000000001606 37.750000000006665
-29.50000000000326 37.750000000006665
-61.9000000000016 37.80000000000666
-29.200000000003257 37.80000000000666
-28.900000000003253 37.85000000000666
-28.60000000000325 37.900000000006656
-28.300000000003244 37.95000000000665
-28.05000000000324 38.00000000000665
-27.750000000003237 38.05000000000665
-62.800000000001546 38.100000000006645
-27.500000000003233 38.100000000006645
-62.95000000000154 38.15000000000664
-27.20000000000323 38.15000000000664
-63.10000000000153 38.20000000000664
-26.950000000003225 38.20000000000664
-26.65000000000322 38.25000000000664
-63.350000000001515 38.300000000006634
-26.400000000003217 38.300000000006634
-63.500000000001506 38.35000000000663
-26.150000000003214 38.35000000000663
-63.75000000000149 38.450000000006625
-25.350000000003202 38.50000000000662
-64.00000000000148 38.55000000000662
-25.1000000000032 38.55000000000662
-64.10000000000147 38.60000000000662
-24.850000000003195 38.60000000000662
-64.25000000000146 38.650000000006614
-24.60000000000319 38.650000000006614
-64.35000000000146 38.70000000000661
-24.350000000003188 38.70000000000661
-64.60000000000144 38.800000000006605
-64.70000000000144 38.8500000000066
-23.65000000000318 38.8500000000066
-64.80000000000143 38.9000000000066
-23.400000000003175 38.9000000000066
-23.15000000000317 38.9500000000066
-65.15000000000141 39.05000000000659
-22.700000000003165 39.05000000000659
-65.2500000000014 39.10000000000659
-22.45000000000316 39.10000000000659
-65.3500000000014 39.150000000006585
-65.4500000000014 39.20000000000658
-22.000000000003155 39.20000000000658
-65.55000000000139 39.25000000000658
-65.65000000000138 39.30000000000658
-21.55000000000315 39.30000000000658
-65.75000000000138 39.350000000006574
-65.85000000000137 39.40000000000657
-21.100000000003142 39.40000000000657
-65.95000000000137 39.45000000000657
-66.05000000000136 39.500000000006565
-20.650000000003136 39.500000000006565
-20.450000000003133 39.55000000000656
-20.000000000003126 39.65000000000656
-66.40000000000134 39.700000000006554
-19.800000000003124 39.700000000006554
-66.50000000000134 39.75000000000655
-66.60000000000133 39.80000000000655
-19.150000000003114 39.850000000006546
-18.95000000000311 39.90000000000654
-66.85000000000132 39.95000000000654
-18.75000000000311 39.95000000000654
-66.95000000000131 40.00000000000654
-18.550000000003106 40.00000000000654
-67.1000000000013 40.10000000000653
-67.2000000000013 40.15000000000653
-67.35000000000129 40.25000000000652
-67.50000000000128 40.35000000000652
-67.60000000000127 40.400000000006514
-67.75000000000126 40.50000000000651
-16.550000000003077 40.50000000000651
-16.350000000003075 40.550000000006506
-67.90000000000126 40.6000000000065
-16.15000000000307 40.6000000000065
-15.950000000003069 40.6500000000065
-68.05000000000125 40.7000000000065
-68.20000000000124 40.80000000000649
-15.400000000003061 40.80000000000649
-15.200000000003058 40.85000000000649
-68.40000000000123 40.95000000000648
-14.65000000000305 41.00000000000648
-68.55000000000122 41.05000000000648
-14.100000000003043 41.15000000000647
-68.75000000000121 41.20000000000647
-13.550000000003035 41.30000000000646
-68.9500000000012 41.35000000000646
-13.20000000000303 41.40000000000646
-69.15000000000119 41.50000000000645
-12.850000000003025 41.50000000000645
-69.20000000000118 41.55000000000645
-12.50000000000302 41.600000000006446
-69.40000000000117 41.70000000000644
-12.150000000003015 41.70000000000644
-69.45000000000117 41.75000000000644
-11.80000000000301 41.800000000006435
-11.650000000003008 41.85000000000643
-69.65000000000116 41.90000000000643
-69.70000000000115 41.950000000006426
-11.300000000003003 41.950000000006426
-69.75000000000115 42.00000000000642
-10.800000000002996 42.10000000000642
-70.00000000000114 42.20000000000641
-70.05000000000113 42.25000000000641
-10.300000000002989 42.25000000000641
-70.10000000000113 42.300000000006406
-10.150000000002986 42.300000000006406
-9.65000000000298 42.4500000000064
-9.500000000002977 42.500000000006395
-70.50000000000111 42.650000000006386
-70.5500000000011 42.70000000000638
-8.850000000002968 42.70000000000638
-70.6000000000011 42.75000000000638
-8.700000000002966 42.75000000000638
-70.6500000000011 42.80000000000638
-8.550000000002964 42.80000000000638
-70.7000000000011 42.850000000006375
-70.7500000000011 42.90000000000637
-70.80000000000109 42.95000000000637
-70.85000000000109 43.00000000000637
-70.90000000000109 43.050000000006364
-70.95000000000108 43.10000000000636
-71.00000000000108 43.15000000000636
-7.450000000002958 43.15000000000636
-71.05000000000108 43.200000000006355
-7.300000000002958 43.200000000006355
-71.10000000000107 43.25000000000635
-7.150000000002959 43.25000000000635
-71.15000000000107 43.30000000000635
-7.000000000002959 43.30000000000635
-71.20000000000107 43.35000000000635
-6.85000000000296 43.35000000000635
-71.25000000000107 43.400000000006344
-6.7000000000029605 43.400000000006344
-71.30000000000106 43.45000000000634
-6.550000000002961 43.45000000000634
-71.35000000000106 43.50000000000634
-6.4000000000029615 43.50000000000634
-71.40000000000106 43.550000000006335
-71.45000000000105 43.60000000000633
-71.50000000000105 43.65000000000633
-5.250000000002966 43.900000000006315
-5.100000000002966 43.95000000000631
-4.950000000002967 44.00000000000631
-71.85000000000103 44.05000000000631
-71.90000000000103 44.100000000006304
-71.95000000000103 44.1500000000063
-4.400000000002969 44.2000000000063
-4.250000000002969 44.250000000006295
-72.20000000000101 44.450000000006284
-3.700000000002971 44.450000000006284
-72.25000000000101 44.50000000000628
-3.5500000000029717 44.50000000000628
-3.150000000002973 44.65000000000627
-72.450000000001 44.75000000000627
-72.500000000001 44.800000000006264
-2.7500000000029745 44.800000000006264
-2.600000000002975 44.85000000000626
-2.350000000002976 44.950000000006256
-72.65000000000099 45.00000000000625
-72.70000000000098 45.05000000000625
-1.9500000000029771 45.10000000000625
-72.80000000000098 45.20000000000624
-72.85000000000097 45.25000000000624
-1.5500000000029768 45.25000000000624
-1.3000000000029766 45.35000000000623
-73.00000000000097 45.45000000000623
-0.9000000000029762 45.500000000006224
-0.650000000002976 45.60000000000622
-73.15000000000096 45.650000000006216
-0.40000000000297586 45.70000000000621
-73.25000000000095 45.80000000000621
-0.15000000000297592 45.80000000000621
-73.30000000000095 45.850000000006204
0.0999999999970241 45.9000000000062
-73.40000000000094 46.000000000006196
0.3499999999970241 46.000000000006196
0.5999999999970241 46.10000000000619
-73.50000000000094 46.15000000000619
-73.60000000000093 46.30000000000618
-73.65000000000093 46.350000000006176
1.1999999999970246 46.350000000006176
1.4499999999970248 46.45000000000617
-73.75000000000092 46.50000000000617
1.799999999997025 46.60000000000616
-73.85000000000092 46.65000000000616
-73.90000000000092 46.75000000000615
2.149999999997025 46.75000000000615
-74.00000000000091 46.900000000006145
2.4999999999970237 46.900000000006145
-74.1000000000009 47.050000000006136
2.8499999999970225 47.050000000006136
-74.2000000000009 47.20000000000613
3.1999999999970212 47.20000000000613
-74.2500000000009 47.30000000000612
3.6499999999970196 47.400000000006116
-74.35000000000089 47.45000000000611
4.099999999997018 47.600000000006105
-74.50000000000088 47.7000000000061
4.549999999997016 47.800000000006094
4.649999999997016 47.85000000000609
-74.65000000000087 47.950000000006085
-74.70000000000087 48.05000000000608
5.199999999997014 48.10000000000608
5.299999999997014 48.150000000006074
-74.85000000000086 48.300000000006065
-74.90000000000086 48.40000000000606
5.9499999999970115 48.45000000000606
-74.95000000000086 48.500000000006054
6.049999999997011 48.500000000006054
6.149999999997011 48.55000000000605
-75.15000000000084 48.850000000006034
-75.20000000000084 48.95000000000603
-75.25000000000084 49.05000000000602
-75.30000000000084 49.15000000000602
7.499999999997006 49.200000000006014
-75.35000000000083 49.25000000000601
7.599999999997006 49.25000000000601
7.699999999997005 49.30000000000601
-75.40000000000083 49.350000000006006
7.799999999997005 49.350000000006006
7.8999999999970045 49.400000000006
-75.45000000000083 49.450000000006
7.999999999997004 49.450000000006
8.099999999997005 49.500000000006
-75.50000000000082 49.550000000005994
-75.55000000000082 49.65000000000599
-75.60000000000082 49.75000000000598
-75.65000000000082 49.85000000000598
-75.70000000000081 49.95000000000597
-75.75000000000081 50.050000000005966
-75.80000000000081 50.15000000000596
9.449999999997024 50.20000000000596
-75.8500000000008 50.250000000005954
9.549999999997025 50.250000000005954
10.199999999997035 50.600000000005934
10.299999999997036 50.65000000000593
-76.0500000000008 50.70000000000593
-76.10000000000079 50.80000000000592
10.849999999997044 50.950000000005915
-76.25000000000078 51.1500000000059
11.29999999999705 51.2000000000059
-76.30000000000078 51.2500000000059
11.749999999997057 51.450000000005886
-76.40000000000077 51.50000000000588
-76.45000000000077 51.60000000000588
12.099999999997062 51.650000000005875
-76.55000000000076 51.85000000000586
12.449999999997067 51.85000000000586
12.69999999999707 52.000000000005855
-76.65000000000076 52.10000000000585
13.049999999997075 52.20000000000584
-76.75000000000075 52.350000000005835
13.299999999997079 52.350000000005835
13.549999999997082 52.50000000000583
-76.85000000000075 52.60000000000582
13.799999999997086 52.65000000000582
14.04999999999709 52.80000000000581
-76.95000000000074 52.85000000000581
14.299999999997093 52.9500000000058
-77.00000000000074 53.0000000000058
14.699999999997098 53.20000000000579
-77.10000000000073 53.250000000005784
-77.15000000000073 53.400000000005775
15.099999999997104 53.45000000000577
15.249999999997106 53.55000000000577
-77.30000000000072 53.80000000000575
15.649999999997112 53.80000000000575
15.799999999997114 53.90000000000575
-77.35000000000072 53.950000000005744
-77.40000000000072 54.100000000005736
-77.45000000000071 54.25000000000573
-77.50000000000071 54.40000000000572
-77.55000000000071 54.55000000000571
-77.6000000000007 54.7000000000057
-77.6500000000007 54.85000000000569
-77.7000000000007 55.000000000005684
17.449999999997136 55.000000000005684
17.599999999997138 55.10000000000568
-77.7500000000007 55.150000000005676
17.74999999999714 55.20000000000567
-77.8000000000007 55.30000000000567
-77.85000000000069 55.45000000000566
18.099999999997145 55.45000000000566
18.249999999997147 55.55000000000565
-77.90000000000069 55.60000000000565
18.599999999997152 55.80000000000564
-78.00000000000068 55.95000000000563
18.949999999997157 56.050000000005625
-78.05000000000068 56.10000000000562
19.14999999999716 56.200000000005616
-78.15000000000067 56.4500000000056
-78.20000000000067 56.60000000000559
19.699999999997168 56.60000000000559
19.89999999999717 56.750000000005585
-78.25000000000067 56.80000000000558
20.099999999997173 56.900000000005576
-78.30000000000067 56.95000000000557
-78.35000000000066 57.15000000000556
20.54999999999718 57.250000000005556
-78.40000000000066 57.300000000005554
20.749999999997183 57.40000000000555
-78.45000000000066 57.50000000000554
20.999999999997186 57.60000000000554
-78.55000000000065 57.85000000000552
21.449999999997193 57.95000000000552
-78.60000000000065 58.05000000000551
21.699999999997196 58.150000000005505
-78.65000000000065 58.2500000000055
21.9999999999972 58.40000000000549
22.249999999997204 58.60000000000548
-78.80000000000064 58.80000000000547
22.54999999999721 58.850000000005465
-78.85000000000063 59.00000000000546
22.849999999997213 59.10000000000545
23.199999999997218 59.400000000005434
-79.00000000000063 59.65000000000542
23.549999999997222 59.70000000000542
23.599999999997223 59.750000000005414
-79.05000000000062 59.85000000000541
-79.10000000000062 60.0500000000054
23.949999999997228 60.0500000000054
23.99999999999723 60.100000000005394
-79.15000000000062 60.250000000005386
-79.20000000000061 60.50000000000537
24.449999999997235 60.50000000000537
24.499999999997236 60.55000000000537
-79.25000000000061 60.70000000000536
-79.30000000000061 60.950000000005346
25.049999999997244 61.05000000000534
25.099999999997245 61.10000000000534
-79.3500000000006 61.150000000005335
-79.4000000000006 61.40000000000532
-79.5000000000006 61.850000000005295
26.049999999997258 62.000000000005286
26.09999999999726 62.050000000005284
-79.5500000000006 62.10000000000528
26.14999999999726 62.10000000000528
26.19999999999726 62.15000000000528
26.24999999999726 62.200000000005275
26.29999999999726 62.25000000000527
26.349999999997262 62.30000000000527
-79.60000000000059 62.35000000000527
26.399999999997263 62.35000000000527
26.449999999997264 62.400000000005264
26.499999999997264 62.45000000000526
26.549999999997265 62.50000000000526
26.599999999997266 62.550000000005255
-79.65000000000059 62.60000000000525
26.649999999997267 62.60000000000525
26.699999999997267 62.65000000000525
26.749999999997268 62.70000000000525
26.79999999999727 62.750000000005244
26.84999999999727 62.80000000000524
-79.70000000000059 62.85000000000524
26.89999999999727 62.85000000000524
26.94999999999727 62.900000000005235
26.99999999999727 62.95000000000523
27.049999999997272 63.00000000000523
27.099999999997273 63.05000000000523
-79.75000000000058 63.100000000005224
27.149999999997274 63.100000000005224
27.199999999997274 63.15000000000522
-79.80000000000058 63.35000000000521
-79.85000000000058 63.600000000005195
-79.90000000000057 63.90000000000518
28.049999999997286 64.05000000000517
28.099999999997287 64.10000000000517
-79.95000000000057 64.15000000000516
-80.00000000000057 64.45000000000515
28.599999999997294 64.65000000000514
-80.05000000000057 64.70000000000513
28.649999999997295 64.70000000000513
-80.10000000000056 65.00000000000512
29.0499999999973 65.15000000000511
-80.15000000000056 65.3000000000051
29.399999999997306 65.55000000000508
-80.20000000000056 65.60000000000508
-80.25000000000055 65.85000000000507
-80.25000000000055 65.90000000000506
29.69999999999731 65.90000000000506
-80.30000000000055 66.20000000000505
29.999999999997314 66.25000000000504
-80.35000000000055 66.50000000000503
30.249999999997318 66.55000000000503
-80.40000000000055 66.80000000000501
30.44999999999732 66.80000000000501
-80.45000000000054 67.100000000005
30.699999999997324 67.100000000005
30.899999999997327 67.35000000000498
-80.50000000000054 67.45000000000498
-80.55000000000054 67.75000000000496
-80.55000000000054 67.80000000000496
31.249999999997332 67.80000000000496
-80.60000000000053 68.10000000000494
31.599999999997337 68.25000000000493
-80.65000000000053 68.45000000000492
31.74999999999734 68.45000000000492
31.89999999999734 68.65000000000491
-80.70000000000053 68.8000000000049
32.04999999999734 68.8500000000049
32.19999999999733 69.05000000000489
-80.75000000000053 69.15000000000488
-80.80000000000052 69.50000000000486
-80.80000000000052 69.55000000000486
32.59999999999731 69.60000000000485
-80.85000000000052 69.90000000000484
32.849999999997294 69.95000000000483
32.94999999999729 70.10000000000483
-80.90000000000052 70.25000000000482
33.199999999997274 70.4500000000048
33.29999999999727 70.6000000000048
-80.95000000000051 70.6500000000048
33.39999999999726 70.75000000000479
33.49999999999726 70.90000000000478
-81.00000000000051 71.05000000000477
-81.05000000000051 71.45000000000475
33.899999999997235 71.50000000000475
33.99999999999723 71.65000000000474
34.09999999999722 71.80000000000473
-81.1000000000005 71.85000000000473
-81.1500000000005 72.2500000000047
-81.1500000000005 72.3000000000047
34.4499999999972 72.3500000000047
-81.2000000000005 72.70000000000468
34.69999999999719 72.75000000000468
-81.2500000000005 73.15000000000465
35.099999999997166 73.40000000000464
-81.3000000000005 73.60000000000463
35.24999999999716 73.65000000000462
35.44999999999715 74.0000000000046
-81.35000000000049 74.0500000000046
35.59999999999714 74.25000000000459
-81.40000000000049 74.50000000000458
-81.40000000000049 74.55000000000457
35.79999999999713 74.60000000000457
-81.45000000000049 75.00000000000455
36.04999999999711 75.05000000000454
-81.50000000000048 75.50000000000452
36.2999999999971 75.50000000000452
36.349999999997095 75.60000000000451
-81.55000000000048 76.00000000000449
36.64999999999708 76.15000000000448
36.699999999997075 76.25000000000448
36.74999999999707 76.35000000000447
36.79999999999707 76.45000000000447
-81.60000000000048 76.50000000000446
-81.60000000000048 76.55000000000446
-81.65000000000047 77.05000000000443
-81.65000000000047 77.10000000000443
-81.70000000000047 77.6000000000044
-81.70000000000047 77.6500000000044
-81.75000000000047 78.15000000000437
37.64999999999702 78.15000000000437
-81.75000000000047 78.20000000000437
37.69999999999702 78.25000000000436
37.749999999997016 78.35000000000436
-81.80000000000047 78.75000000000433
-81.80000000000047 78.80000000000433
38.049999999997 79.00000000000432
38.099999999996996 79.10000000000431
-81.85000000000046 79.3500000000043
-81.85000000000046 79.4000000000043
38.299999999996984 79.55000000000429
-81.90000000000046 79.95000000000427
-81.90000000000046 80.00000000000426
38.49999999999697 80.00000000000426
38.649999999996965 80.35000000000424
-81.95000000000046 80.60000000000423
-81.95000000000046 80.65000000000423
38.799999999996956 80.70000000000422
-82.00000000000045 81.30000000000419
39.04999999999694 81.30000000000419
-82.00000000000045 81.35000000000419
39.149999999996936 81.55000000000418
39.24999999999693 81.80000000000416
-82.05000000000045 82.00000000000415
-82.05000000000045 82.05000000000415
39.349999999996925 82.05000000000415
39.44999999999692 82.30000000000413
-82.10000000000045 82.70000000000411
39.59999999999691 82.70000000000411
-82.10000000000045 82.7500000000041
39.699999999996905 82.9500000000041
39.7499999999969 83.10000000000409
-82.15000000000045 83.45000000000407
-82.15000000000045 83.50000000000406
39.89999999999689 83.50000000000406
40.09999999999688 84.05000000000403
40.14999999999688 84.20000000000402
-82.20000000000044 84.25000000000402
-82.20000000000044 84.30000000000402
-82.25000000000044 85.05000000000398
-82.25000000000044 85.10000000000397
-82.30000000000044 85.90000000000393
-82.30000000000044 85.95000000000393
-82.30000000000044 86.00000000000392
40.79999999999684 86.15000000000391
40.84999999999684 86.3000000000039
-82.35000000000043 86.80000000000388
40.99999999999683 86.80000000000388
-82.35000000000043 86.85000000000387
-82.35000000000043 86.90000000000387
41.04999999999683 86.95000000000387
41.14999999999682 87.30000000000385
-82.40000000000043 87.80000000000382
41.299999999996814 87.80000000000382
-82.40000000000043 87.85000000000382
41.39999999999681 88.1500000000038
41.449999999996805 88.35000000000379
41.5499999999968 88.70000000000377
-82.45000000000043 88.80000000000376
-82.45000000000043 88.85000000000376
-82.45000000000043 88.90000000000376
41.5999999999968 88.90000000000376
41.74999999999679 89.45000000000373
41.799999999996786 89.65000000000371
41.84999999999678 89.8500000000037
-82.50000000000043 89.9000000000037
-82.50000000000043 89.9500000000037
-82.50000000000043 90.0000000000037
41.89999999999678 90.05000000000369
41.94999999999678 90.25000000000368
41.999999999996774 90.45000000000367
-82.55000000000042 91.10000000000363
42.149999999996766 91.10000000000363
-82.55000000000042 91.15000000000363
-82.55000000000042 91.20000000000363
42.19999999999676 91.30000000000362
42.29999999999676 91.7500000000036
42.39999999999675 92.20000000000357
-82.60000000000042 92.35000000000356
-82.60000000000042 92.40000000000356
-82.60000000000042 92.45000000000356
42.44999999999675 92.45000000000356
-82.60000000000042 92.50000000000355
42.499999999996746 92.70000000000354
42.699999999996734 93.70000000000348
-82.65000000000042 93.80000000000348
-82.65000000000042 93.85000000000348
-82.65000000000042 93.90000000000347
-82.65000000000042 93.95000000000347
42.74999999999673 93.95000000000347
42.849999999996726 94.50000000000344
42.94999999999672 95.05000000000341
42.99999999999672 95.35000000000339
-82.70000000000041 95.40000000000339
-82.70000000000041 95.45000000000339
-82.70000000000041 95.50000000000338
-82.70000000000041 95.55000000000338
-82.70000000000041 95.60000000000338
43.049999999996714 95.65000000000337
43.14999999999671 96.30000000000334
43.199999999996706 96.65000000000332
43.2499999999967 96.9500000000033
-82.75000000000041 97.30000000000328
-82.75000000000041 97.35000000000328
-82.75000000000041 97.40000000000327
-82.75000000000041 97.45000000000327
-82.75000000000041 97.50000000000327
43.3499999999967 97.70000000000326
43.399999999996695 98.10000000000323
43.44999999999669 98.45000000000321
43.44999999999669 98.50000000000321
43.49999999999669 98.90000000000319
43.549999999996686 99.35000000000316
-82.80000000000041 99.60000000000315
-82.80000000000041 99.65000000000315
-82.80000000000041 99.70000000000314
-82.80000000000041 99.75000000000314
-82.80000000000041 99.80000000000314
43.59999999999668 99.80000000000314
-82.80000000000041 99.85000000000313
-82.80000000000041 99.90000000000313
-82.80000000000041 99.95000000000313
43.64999999999668 100.30000000000311
43.69999999999668 100.80000000000308
43.69999999999668 100.85000000000308
43.749999999996675 101.40000000000305
43.749999999996675 101.45000000000304
43.79999999999667 102.05000000000301
43.79999999999667 102.100000000003
43.84999999999667 102.75000000000297
43.84999999999667 102.80000000000297
-82.8500000000004 103.10000000000295
-82.8500000000004 103.15000000000295
-82.8500000000004 103.20000000000294
-82.8500000000004 103.25000000000294
-82.8500000000004 103.30000000000294
-82.8500000000004 103.35000000000294
-82.8500000000004 103.40000000000293
-82.8500000000004 103.45000000000293
-82.8500000000004 103.50000000000293
-82.8500000000004 103.55000000000292
-82.8500000000004 103.60000000000292
43.899999999996666 103.60000000000292
-82.8500000000004 103.65000000000292
43.899999999996666 103.65000000000292
-82.8500000000004 103.70000000000292
43.899999999996666 103.70000000000292
-82.8500000000004 103.75000000000291
43.94999999999666 104.75000000000286
43.94999999999666 104.80000000000285
43.94999999999666 104.85000000000285
43.99999999999666 106.85000000000274
43.99999999999666 106.90000000000273
43.99999999999666 106.95000000000273
43.99999999999666 107.00000000000273
43.99999999999666 107.05000000000273
43.99999999999666 107.10000000000272
43.99999999999666 107.15000000000272
43.99999999999666 107.20000000000272
43.99999999999666 107.25000000000271
43.99999999999666 107.30000000000271
43.99999999999666 107.35000000000271
43.99999999999666 107.4000000000027
43.99999999999666 107.4500000000027
43.99999999999666 107.5000000000027
43.99999999999666 107.5500000000027
43.99999999999666 107.6000000000027
43.99999999999666 107.65000000000269
43.99999999999666 107.70000000000269
43.99999999999666 107.75000000000269
43.99999999999666 107.80000000000268
43.99999999999666 107.85000000000268
43.99999999999666 107.90000000000268
43.99999999999666 107.95000000000267
43.99999999999666 108.00000000000267
43.99999999999666 108.05000000000267
43.99999999999666 108.10000000000267
43.99999999999666 108.15000000000266
43.99999999999666 108.20000000000266
43.99999999999666 108.25000000000266
43.94999999999666 110.25000000000254
43.94999999999666 110.30000000000254
43.94999999999666 110.35000000000254
-82.8500000000004 111.35000000000248
-82.8500000000004 111.40000000000248
43.899999999996666 111.40000000000248
-82.8500000000004 111.45000000000248
43.899999999996666 111.45000000000248
-82.8500000000004 111.50000000000247
43.899999999996666 111.50000000000247
-82.8500000000004 111.55000000000247
-82.8500000000004 111.60000000000247
-82.8500000000004 111.65000000000246
-82.8500000000004 111.70000000000246
-82.8500000000004 111.75000000000246
-82.8500000000004 111.80000000000246
-82.8500000000004 111.85000000000245
-82.8500000000004 111.90000000000245
-82.8500000000004 111.95000000000245
-82.8500000000004 112.00000000000244
43.84999999999667 112.30000000000243
43.84999999999667 112.35000000000242
43.79999999999667 113.00000000000239
43.79999999999667 113.05000000000238
43.749999999996675 113.65000000000235
43.749999999996675 113.70000000000235
43.69999999999668 114.25000000000232
43.69999999999668 114.30000000000231
43.64999999999668 114.80000000000229
-82.80000000000041 115.15000000000227
-82.80000000000041 115.20000000000226
-82.80000000000041 115.25000000000226
-82.80000000000041 115.30000000000226
43.59999999999668 115.30000000000226
-82.80000000000041 115.35000000000225
-82.80000000000041 115.40000000000225
-82.80000000000041 115.45000000000225
-82.80000000000041 115.50000000000225
43.549999999996686 115.75000000000223
43.49999999999669 116.2000000000022
43.44999999999669 116.60000000000218
43.44999999999669 116.65000000000218
43.399999999996695 117.00000000000216
43.3499999999967 117.40000000000214
-82.75000000000041 117.60000000000213
-82.75000000000041 117.65000000000212
-82.75000000000041 117.70000000000212
-82.75000000000041 117.75000000000212
-82.75000000000041 117.80000000000211
43.2499999999967 118.1500000000021
43.199999999996706 118.45000000000208
43.14999999999671 118.80000000000206
43.049999999996714 119.45000000000202
-82.70000000000041 119.50000000000202
-82.70000000000041 119.55000000000202
-82.70000000000041 119.60000000000201
-82.70000000000041 119.65000000000201
-82.70000000000041 119.700000000002
42.99999999999672 119.750000000002
42.94999999999672 120.05000000000199
42.849999999996726 120.60000000000196
-82.65000000000042 121.15000000000192
42.74999999999673 121.15000000000192
-82.65000000000042 121.20000000000192
-82.65000000000042 121.25000000000192
-82.65000000000042 121.30000000000192
42.699999999996734 121.40000000000191
42.499999999996746 122.40000000000185
-82.60000000000042 122.60000000000184
-82.60000000000042 122.65000000000184
42.44999999999675 122.65000000000184
-82.60000000000042 122.70000000000184
-82.60000000000042 122.75000000000183
42.39999999999675 122.90000000000182
42.29999999999676 123.3500000000018
42.19999999999676 123.80000000000177
-82.55000000000042 123.90000000000177
-82.55000000000042 123.95000000000176
-82.55000000000042 124.00000000000176
42.149999999996766 124.00000000000176
41.999999999996774 124.65000000000173
41.94999999999678 124.85000000000171
41.89999999999678 125.0500000000017
-82.50000000000043 125.1000000000017
-82.50000000000043 125.1500000000017
-82.50000000000043 125.2000000000017
41.84999999999678 125.25000000000169
41.799999999996786 125.45000000000168
41.74999999999679 125.65000000000167
-82.45000000000043 126.20000000000164
41.5999999999968 126.20000000000164
-82.45000000000043 126.25000000000163
-82.45000000000043 126.30000000000163
41.5499999999968 126.40000000000163
41.449999999996805 126.7500000000016
41.39999999999681 126.9500000000016
-82.40000000000043 127.25000000000158
-82.40000000000043 127.30000000000157
41.299999999996814 127.30000000000157
41.14999999999682 127.80000000000155
41.04999999999683 128.15000000000157
-82.35000000000043 128.20000000000158
-82.35000000000043 128.2500000000016
-82.35000000000043 128.3000000000016
40.99999999999683 128.3000000000016
40.84999999999684 128.80000000000172
40.79999999999684 128.95000000000175
-82.30000000000044 129.10000000000178
-82.30000000000044 129.1500000000018
-82.30000000000044 129.2000000000018
-82.25000000000044 130.000000000002
-82.25000000000044 130.050000000002
-82.20000000000044 130.80000000000217
-82.20000000000044 130.85000000000218
40.14999999999688 130.9000000000022
40.09999999999688 131.05000000000223
-82.15000000000045 131.60000000000235
39.89999999999689 131.60000000000235
-82.15000000000045 131.65000000000236
39.7499999999969 132.00000000000244
39.699999999996905 132.15000000000248
-82.10000000000045 132.35000000000252
-82.10000000000045 132.40000000000254
39.59999999999691 132.40000000000254
39.44999999999692 132.80000000000263
-82.05000000000045 133.05000000000268
39.349999999996925 133.05000000000268
-82.05000000000045 133.1000000000027
39.24999999999693 133.30000000000274
39.149999999996936 133.5500000000028
-82.00000000000045 133.75000000000284
-82.00000000000045 133.80000000000285
39.04999999999694 133.80000000000285
38.799999999996956 134.400000000003
-81.95000000000046 134.450000000003
-81.95000000000046 134.500000000003
38.649999999996965 134.75000000000307
-81.90000000000046 135.10000000000315
38.49999999999697 135.10000000000315
-81.90000000000046 135.15000000000316
38.299999999996984 135.55000000000325
-81.85000000000046 135.70000000000329
-81.85000000000046 135.7500000000033
38.099999999996996 136.00000000000335
38.049999999997 136.10000000000338
-81.80000000000047 136.30000000000342
-81.80000000000047 136.35000000000343
37.749999999997016 136.75000000000352
37.69999999999702 136.85000000000355
-81.75000000000047 136.90000000000356
-81.75000000000047 136.95000000000357
37.64999999999702 136.95000000000357
-81.70000000000047 137.45000000000368
-81.70000000000047 137.5000000000037
-81.65000000000047 138.0000000000038
-81.65000000000047 138.05000000000382
-81.60000000000048 138.55000000000393
-81.60000000000048 138.60000000000394
36.79999999999707 138.65000000000396
36.74999999999707 138.75000000000398
36.699999999997075 138.850000000004
36.64999999999708 138.95000000000402
-81.55000000000048 139.10000000000406
36.349999999997095 139.50000000000415
-81.50000000000048 139.60000000000417
36.2999999999971 139.60000000000417
36.04999999999711 140.05000000000427
-81.45000000000049 140.1000000000043
35.79999999999713 140.50000000000438
-81.40000000000049 140.5500000000044
-81.40000000000049 140.6000000000044
35.59999999999714 140.85000000000446
-81.35000000000049 141.0500000000045
35.44999999999715 141.1000000000045
35.24999999999716 141.4500000000046
-81.3000000000005 141.5000000000046
35.099999999997166 141.70000000000465
-81.2500000000005 141.9500000000047
34.69999999999719 142.3500000000048
-81.2000000000005 142.4000000000048
34.4499999999972 142.7500000000049
-81.1500000000005 142.8000000000049
-81.1500000000005 142.8500000000049
-81.1000000000005 143.250000000005
34.09999999999722 143.300000000005
33.99999999999723 143.45000000000505
33.899999999997235 143.60000000000508
-81.05000000000051 143.6500000000051
-81.00000000000051 144.05000000000518
33.49999999999726 144.20000000000522
33.39999999999726 144.35000000000525
-80.95000000000051 144.45000000000528
33.29999999999727 144.5000000000053
33.199999999997274 144.65000000000532
-80.90000000000052 144.85000000000537
32.94999999999729 145.0000000000054
32.849999999997294 145.15000000000543
-80.85000000000052 145.20000000000545
32.59999999999731 145.5000000000055
-80.80000000000052 145.55000000000553
-80.80000000000052 145.60000000000554
-80.75000000000053 145.95000000000562
32.19999999999733 146.05000000000564
32.04999999999734 146.25000000000568
-80.70000000000053 146.3000000000057
31.89999999999734 146.45000000000573
-80.65000000000053 146.65000000000578
31.74999999999734 146.65000000000578
31.599999999997337 146.85000000000582
-80.60000000000053 147.00000000000585
-80.55000000000054 147.30000000000592
31.249999999997332 147.30000000000592
-80.55000000000054 147.35000000000593
-80.50000000000054 147.650000000006
30.899999999997327 147.75000000000603
-80.45000000000054 148.00000000000608
30.699999999997324 148.00000000000608
-80.40000000000055 148.30000000000615
30.44999999999732 148.30000000000615
30.249999999997318 148.5500000000062
-80.35000000000055 148.60000000000622
29.999999999997314 148.85000000000628
-80.30000000000055 148.9000000000063
-80.25000000000055 149.20000000000636
29.69999999999731 149.20000000000636
-80.25000000000055 149.25000000000637
-80.20000000000056 149.50000000000642
29.399999999997306 149.55000000000643
-80.15000000000056 149.8000000000065
29.0499999999973 149.95000000000653
-80.10000000000056 150.10000000000656
-80.05000000000057 150.40000000000663
28.649999999997295 150.40000000000663
28.599999999997294 150.45000000000664
-80.00000000000057 150.65000000000668
-79.95000000000057 150.95000000000675
28.099999999997287 151.00000000000676
28.049999999997286 151.05000000000678
-79.90000000000057 151.2000000000068
-79.85000000000058 151.50000000000688
-79.80000000000058 151.75000000000693
27.199999999997274 151.95000000000698
-79.75000000000058 152.000000000007
27.149999999997274 152.000000000007
27.099999999997273 152.050000000007
27.049999999997272 152.10000000000701
26.99999999999727 152.15000000000703
26.94999999999727 152.20000000000704
-79.70000000000059 152.25000000000705
26.89999999999727 152.25000000000705
26.84999999999727 152.30000000000706
26.79999999999727 152.35000000000707
26.749999999997268 152.40000000000708
26.699999999997267 152.4500000000071
-79.65000000000059 152.5000000000071
26.649999999997267 152.5000000000071
26.599999999997266 152.55000000000712
26.549999999997265 152.60000000000713
26.499999999997264 152.65000000000714
26.449999999997264 152.70000000000715
-79.60000000000059 152.75000000000716
26.399999999997263 152.75000000000716
26.349999999997262 152.80000000000717
26.29999999999726 152.85000000000719
26.24999999999726 152.9000000000072
26.19999999999726 152.9500000000072
-79.5500000000006 153.00000000000722
26.14999999999726 153.00000000000722
26.09999999999726 153.05000000000723
26.049999999997258 153.10000000000724
-79.5000000000006 153.25000000000728
-79.4000000000006 153.70000000000738
-79.3500000000006 153.95000000000744
25.099999999997245 154.00000000000745
25.049999999997244 154.05000000000746
-79.30000000000061 154.15000000000748
-79.25000000000061 154.40000000000754
24.499999999997236 154.55000000000757
-79.20000000000061 154.60000000000758
24.449999999997235 154.60000000000758
-79.15000000000062 154.85000000000764
23.99999999999723 155.00000000000767
-79.10000000000062 155.05000000000769
23.949999999997228 155.05000000000769
-79.05000000000062 155.25000000000773
23.599999999997223 155.35000000000775
23.549999999997222 155.40000000000776
-79.00000000000063 155.45000000000778
23.199999999997218 155.70000000000783
22.849999999997213 156.0000000000079
-78.85000000000063 156.10000000000792
22.54999999999721 156.25000000000796
-78.80000000000064 156.30000000000797
22.249999999997204 156.50000000000801
21.9999999999972 156.70000000000806
-78.65000000000065 156.8500000000081
21.699999999997196 156.95000000000812
-78.60000000000065 157.05000000000814
21.449999999997193 157.15000000000816
-78.55000000000065 157.25000000000819
20.999999999997186 157.50000000000824
-78.45000000000066 157.60000000000827
20.749999999997183 157.7000000000083
-78.40000000000066 157.8000000000083
20.54999999999718 157.85000000000832
-78.35000000000066 157.95000000000834
-78.30000000000067 158.1500000000084
20.099999999997173 158.2000000000084
-78.25000000000067 158.30000000000842
19.89999999999717 158.35000000000844
-78.20000000000067 158.50000000000847
19.699999999997168 158.50000000000847
-78.15000000000067 158.6500000000085
19.14999999999716 158.90000000000856
-78.05000000000068 159.00000000000858
18.949999999997157 159.0500000000086
-78.00000000000068 159.15000000000862
18.599999999997152 159.30000000000865
-77.90000000000069 159.5000000000087
18.249999999997147 159.5500000000087
-77.85000000000069 159.65000000000873
18.099999999997145 159.65000000000873
-77.8000000000007 159.80000000000877
17.74999999999714 159.9000000000088
-77.7500000000007 159.9500000000088
17.599999999997138 160.0000000000088
-77.7000000000007 160.10000000000883
17.449999999997136 160.10000000000883
-77.6500000000007 160.25000000000887
-77.6000000000007 160.4000000000089
-77.55000000000071 160.55000000000894
-77.50000000000071 160.70000000000897
-77.45000000000071 160.850000000009
-77.40000000000072 161.00000000000904
-77.35000000000072 161.15000000000907
15.799999999997114 161.20000000000908
-77.30000000000072 161.3000000000091
15.649999999997112 161.3000000000091
15.249999999997106 161.55000000000916
15.099999999997104 161.6500000000092
-77.15000000000073 161.7000000000092
-77.10000000000073 161.85000000000923
14.699999999997098 161.90000000000924
-77.00000000000074 162.1000000000093
14.299999999997093 162.1500000000093
-76.95000000000074 162.25000000000932
14.04999999999709 162.30000000000933
13.799999999997086 162.45000000000937
-76.85000000000075 162.50000000000938
13.549999999997082 162.6000000000094
-76.75000000000075 162.75000000000944
13.299999999997079 162.75000000000944
13.049999999997075 162.90000000000947
-76.65000000000076 163.0000000000095
12.69999999999707 163.10000000000952
-76.55000000000076 163.25000000000955
12.449999999997067 163.25000000000955
12.099999999997062 163.4500000000096
-76.45000000000077 163.5000000000096
-76.40000000000077 163.60000000000963
11.749999999997057 163.65000000000964
-76.30000000000078 163.8500000000097
11.29999999999705 163.9000000000097
-76.25000000000078 163.9500000000097
10.849999999997044 164.15000000000975
-76.10000000000079 164.3000000000098
-76.0500000000008 164.4000000000098
10.299999999997036 164.45000000000982
10.199999999997035 164.50000000000983
-75.8500000000008 164.8500000000099
9.549999999997025 164.8500000000099
9.449999999997024 164.90000000000992
-75.80000000000081 164.95000000000994
-75.75000000000081 165.05000000000996
-75.70000000000081 165.15000000000998
-75.65000000000082 165.25000000001
-75.60000000000082 165.35000000001003
-75.55000000000082 165.45000000001005
-75.50000000000082 165.55000000001007
8.099999999997005 165.60000000001008
-75.45000000000083 165.6500000000101
7.999999999997004 165.6500000000101
7.8999999999970045 165.7000000000101
-75.40000000000083 165.75000000001012
7.799999999997005 165.75000000001012
7.699999999997005 165.80000000001013
-75.35000000000083 165.85000000001014
7.599999999997006 165.85000000001014
7.499999999997006 165.90000000001015
-75.30000000000084 165.95000000001016
-75.25000000000084 166.0500000000102
-75.20000000000084 166.1500000000102
-75.15000000000084 166.25000000001023
6.149999999997011 166.5500000000103
-74.95000000000086 166.6000000000103
6.049999999997011 166.6000000000103
5.9499999999970115 166.65000000001032
-74.90000000000086 166.70000000001033
-74.85000000000086 166.80000000001036
5.299999999997014 166.9500000000104
5.199999999997014 167.0000000000104
-74.70000000000087 167.0500000000104
-74.65000000000087 167.15000000001044
4.649999999997016 167.25000000001046
4.549999999997016 167.30000000001047
-74.50000000000088 167.4000000000105
4.099999999997018 167.50000000001052
-74.35000000000089 167.65000000001055
3.6499999999970196 167.70000000001056
-74.2500000000009 167.80000000001058
-74.2000000000009 167.9000000000106
3.1999999999970212 167.9000000000106
-74.1000000000009 168.05000000001064
2.8499999999970225 168.05000000001064
-74.00000000000091 168.20000000001068
2.4999999999970237 168.20000000001068
-73.90000000000092 168.3500000000107
2.149999999997025 168.3500000000107
-73.85000000000092 168.45000000001073
1.799999999997025 168.50000000001074
-73.75000000000092 168.60000000001077
1.4499999999970248 168.65000000001078
-73.65000000000093 168.7500000000108
1.1999999999970246 168.7500000000108
-73.60000000000093 168.8000000000108
-73.50000000000094 168.95000000001085
0.5999999999970241 169.00000000001086
-73.40000000000094 169.10000000001088
0.3499999999970241 169.10000000001088
0.0999999999970241 169.2000000000109
-73.30000000000095 169.2500000000109
-73.25000000000095 169.30000000001093
-0.15000000000297592 169.30000000001093
-0.40000000000297586 169.40000000001095
-73.15000000000096 169.45000000001096
-0.650000000002976 169.50000000001097
-0.9000000000029762 169.600000000011
-73.00000000000097 169.650000000011
-1.3000000000029766 169.75000000001103
-72.85000000000097 169.85000000001105
-1.5500000000029768 169.85000000001105
-72.80000000000098 169.90000000001106
-1.9500000000029771 170.00000000001108
-72.70000000000098 170.0500000000111
-72.65000000000099 170.1000000000111
-2.350000000002976 170.15000000001112
-2.600000000002975 170.25000000001114
-72.500000000001 170.30000000001115
-2.7500000000029745 170.30000000001115
-72.450000000001 170.35000000001116
-3.150000000002973 170.4500000000112
-72.25000000000101 170.60000000001122
-3.5500000000029717 170.60000000001122
-72.20000000000101 170.65000000001123
-3.700000000002971 170.65000000001123
-4.250000000002969 170.85000000001128
-4.400000000002969 170.9000000000113
-71.95000000000103 170.9500000000113
-71.90000000000103 171.0000000000113
-71.85000000000103 171.05000000001132
-4.950000000002967 171.10000000001133
-5.100000000002966 171.15000000001135
-5.250000000002966 171.20000000001136
-71.50000000000105 171.4500000000114
-71.45000000000105 171.50000000001143
-71.40000000000106 171.55000000001144
-71.35000000000106 171.60000000001145
-6.4000000000029615 171.60000000001145
-71.30000000000106 171.65000000001146
-6.550000000002961 171.65000000001146
-71.25000000000107 171.70000000001147
-6.7000000000029605 171.70000000001147
-71.20000000000107 171.75000000001148
-6.85000000000296 171.75000000001148
-71.15000000000107 171.8000000000115
-7.000000000002959 171.8000000000115
-71.10000000000107 171.8500000000115
-7.150000000002959 171.8500000000115
-71.05000000000108 171.90000000001152
-7.300000000002958 171.90000000001152
-71.00000000000108 171.95000000001153
-7.450000000002958 171.95000000001153
-70.95000000000108 172.00000000001154
-70.90000000000109 172.05000000001155
-70.85000000000109 172.10000000001156
-70.80000000000109 172.15000000001157
-70.7500000000011 172.20000000001158
-70.7000000000011 172.2500000000116
-70.6500000000011 172.3000000000116
-8.550000000002964 172.3000000000116
-70.6000000000011 172.35000000001162
-8.700000000002966 172.35000000001162
-70.5500000000011 172.40000000001163
-8.850000000002968 172.40000000001163
-70.50000000000111 172.45000000001164
-9.500000000002977 172.60000000001168
-9.65000000000298 172.6500000000117
-70.10000000000113 172.80000000001172
-10.150000000002986 172.80000000001172
-70.05000000000113 172.85000000001173
-10.300000000002989 172.85000000001173
-70.00000000000114 172.90000000001174
-10.800000000002996 173.00000000001177
-69.75000000000115 173.1000000000118
-69.70000000000115 173.1500000000118
-11.300000000003003 173.1500000000118
-69.65000000000116 173.2000000000118
-11.650000000003008 173.25000000001182
-11.80000000000301 173.30000000001183
-69.45000000000117 173.35000000001185
-69.40000000000117 173.40000000001186
-12.150000000003015 173.40000000001186
-12.50000000000302 173.50000000001188
-69.20000000000118 173.5500000000119
-69.15000000000119 173.6000000000119
-12.850000000003025 173.6000000000119
-13.20000000000303 173.70000000001193
-68.9500000000012 173.75000000001194
-13.550000000003035 173.80000000001195
-68.75000000000121 173.90000000001197
-14.100000000003043 173.95000000001198
-68.55000000000122 174.050000000012
-14.65000000000305 174.10000000001202
-68.40000000000123 174.15000000001203
-15.200000000003058 174.25000000001205
-68.20000000000124 174.30000000001206
-15.400000000003061 174.30000000001206
-68.05000000000125 174.40000000001208
-15.950000000003069 174.4500000000121
-67.90000000000126 174.5000000000121
-16.15000000000307 174.5000000000121
-16.350000000003075 174.55000000001212
-67.75000000000126 174.60000000001213
-16.550000000003077 174.60000000001213
-67.60000000000127 174.70000000001215
-67.50000000000128 174.75000000001216
-67.35000000000129 174.8500000000122
-67.2000000000013 174.9500000000122
-67.1000000000013 175.00000000001222
-66.95000000000131 175.10000000001224
-18.550000000003106 175.10000000001224
-66.85000000000132 175.15000000001226
-18.75000000000311 175.15000000001226
-18.95000000000311 175.20000000001227
-19.150000000003114 175.25000000001228
-66.60000000000133 175.3000000000123
-66.50000000000134 175.3500000000123
-66.40000000000134 175.4000000000123
-19.800000000003124 175.4000000000123
-20.000000000003126 175.45000000001232
-20.450000000003133 175.55000000001235
-66.05000000000136 175.60000000001236
-20.650000000003136 175.60000000001236
-65.95000000000137 175.65000000001237
-65.85000000000137 175.70000000001238
-21.100000000003142 175.70000000001238
-65.75000000000138 175.7500000000124
-65.65000000000138 175.8000000000124
-21.55000000000315 175.8000000000124
-65.55000000000139 175.85000000001241
-65.4500000000014 175.90000000001243
-22.000000000003155 175.90000000001243
-65.3500000000014 175.95000000001244
-65.2500000000014 176.00000000001245
-22.45000000000316 176.00000000001245
-65.15000000000141 176.05000000001246
-22.700000000003165 176.05000000001246
-23.15000000000317 176.15000000001248
-64.80000000000143 176.2000000000125
-23.400000000003175 176.2000000000125
-64.70000000000144 176.2500000000125
-23.65000000000318 176.2500000000125
-64.60000000000144 176.30000000001252
-64.35000000000146 176.40000000001254
-24.350000000003188 176.40000000001254
-64.25000000000146 176.45000000001255
-24.60000000000319 176.45000000001255
-64.10000000000147 176.50000000001256
-24.850000000003195 176.50000000001256
-64.00000000000148 176.55000000001257
-25.1000000000032 176.55000000001257
-25.350000000003202 176.60000000001259
-63.75000000000149 176.6500000000126
-63.500000000001506 176.75000000001262
-26.150000000003214 176.75000000001262
-63.350000000001515 176.80000000001263
-26.400000000003217 176.80000000001263
-26.65000000000322 176.85000000001264
-63.10000000000153 176.90000000001265
-26.950000000003225 176.90000000001265
-62.95000000000154 176.95000000001266
-27.20000000000323 176.95000000001266
-62.800000000001546 177.00000000001268
-27.500000000003233 177.00000000001268
-27.750000000003237 177.0500000000127
-28.05000000000324 177.1000000000127
-28.300000000003244 177.1500000000127
-28.60000000000325 177.20000000001272
-28.900000000003253 177.25000000001273
-61.9000000000016 177.30000000001274
-29.200000000003257 177.30000000001274
-61.750000000001606 177.35000000001276
-29.50000000000326 177.35000000001276
-61.600000000001614 177.40000000001277
-29.800000000003266 177.40000000001277
-30.10000000000327 177.45000000001278
-61.250000000001634 177.5000000000128
-30.400000000003274 177.5000000000128
-61.10000000000164 177.5500000000128
-30.70000000000328 177.5500000000128
-60.900000000001654 177.6000000000128
-31.000000000003283 177.6000000000128
-60.700000000001666 177.65000000001282
-31.350000000003288 177.65000000001282
-60.550000000001674 177.70000000001284
-31.650000000003292 177.70000000001284
-60.350000000001685 177.75000000001285
-32.0000000000033 177.75000000001285
-60.1500000000017 177.80000000001286
-32.35000000000328 177.80000000001286
-59.95000000000171 177.85000000001287
-32.70000000000326 177.85000000001287
-32.65000000000326 177.85000000001287
-59.75000000000172 177.90000000001288
-33.00000000000324 177.90000000001288
-59.500000000001734 177.9500000000129
-33.40000000000322 177.9500000000129
-33.35000000000322 177.9500000000129
-59.300000000001745 178.0000000000129
-33.7500000000032 178.0000000000129
-59.05000000000176 178.05000000001291
-34.10000000000318 178.05000000001291
-58.85000000000177 178.10000000001293
-34.500000000003155 178.10000000001293
-58.600000000001785 178.15000000001294
-34.850000000003135 178.15000000001294
-58.3500000000018 178.20000000001295
-35.25000000000311 178.20000000001295
-58.10000000000181 178.25000000001296
-58.050000000001816 178.25000000001296
-35.65000000000309 178.25000000001296
-57.80000000000183 178.30000000001297
-36.100000000003064 178.30000000001297
-36.05000000000307 178.30000000001297
-57.550000000001845 178.35000000001298
-57.50000000000185 178.35000000001298
-36.50000000000304 178.35000000001298
-57.25000000000186 178.400000000013
-57.200000000001864 178.400000000013
-36.950000000003016 178.400000000013
-56.95000000000188 178.450000000013
-56.90000000000188 178.450000000013
-37.40000000000299 178.450000000013
-56.6000000000019 178.50000000001302
-37.850000000002964 178.50000000001302
-56.300000000001916 178.55000000001303
-56.25000000000192 178.55000000001303
-38.350000000002936 178.55000000001303
-55.90000000000194 178.60000000001304
-38.85000000000291 178.60000000001304
-55.55000000000196 178.65000000001305
-55.50000000000196 178.65000000001305
-39.400000000002876 178.65000000001305
-39.35000000000288 178.65000000001305
-55.100000000001984 178.70000000001306
-39.950000000002845 178.70000000001306
-39.90000000000285 178.70000000001306
-54.70000000000201 178.75000000001307
-54.65000000000201 178.75000000001307
-40.55000000000281 178.75000000001307
-40.500000000002814 178.75000000001307
-54.200000000002035 178.80000000001309
-54.15000000000204 178.80000000001309
-41.200000000002774 178.80000000001309
-41.15000000000278 178.80000000001309
-53.650000000002066 178.8500000000131
-53.60000000000207 178.8500000000131
-41.900000000002734 178.8500000000131
-41.85000000000274 178.8500000000131
-41.80000000000274 178.8500000000131
-53.0500000000021 178.9000000000131
-53.0000000000021 178.9000000000131
-52.950000000002106 178.9000000000131
-42.65000000000269 178.9000000000131
-42.600000000002694 178.9000000000131
-42.5500000000027 178.9000000000131
-52.35000000000214 178.95000000001312
-52.30000000000214 178.95000000001312
-52.250000000002146 178.95000000001312
-52.20000000000215 178.95000000001312
-43.55000000000264 178.95000000001312
-43.50000000000264 178.95000000001312
-43.450000000002646 178.95000000001312
-51.45000000000219 179.00000000001313
-51.400000000002194 179.00000000001313
-51.3500000000022 179.00000000001313
-51.3000000000022 179.00000000001313
-44.65000000000258 179.00000000001313
-44.60000000000258 179.00000000001313
-44.55000000000258 179.00000000001313
-44.500000000002586 179.00000000001313
-44.45000000000259 179.00000000001313
-50.20000000000226 179.05000000001314
-50.150000000002265 179.05000000001314
-50.10000000000227 179.05000000001314
-50.05000000000227 179.05000000001314
-50.000000000002274 179.05000000001314
-49.95000000000228 179.05000000001314
-49.90000000000228 179.05000000001314
-46.20000000000249 179.05000000001314
-46.15000000000249 179.05000000001314
-46.100000000002495 179.05000000001314
-46.0500000000025 179.05000000001314
-46.0000000000025 179.05000000001314
-45.950000000002504 179.05000000001314
-45.90000000000251 179.05000000001314
