179.95 0.5999999999970241
179.89999999999998 0.49999999999702405
179.84999999999997 0.39999999999702407
179.0999999999998 -74.45000000000088
178.99999999999977 -74.40000000000089
178.89999999999975 -74.35000000000089
178.79999999999973 -74.30000000000089
178.54999999999967 -74.1500000000009
178.44999999999965 -74.1000000000009
178.2499999999996 -2.8000000000029743
178.1999999999996 -73.95000000000091
178.1999999999996 -2.900000000002974
178.14999999999958 -3.0000000000029736
178.09999999999957 -73.90000000000092
177.94999999999953 -73.80000000000092
177.8499999999995 -73.75000000000092
177.7999999999995 -3.750000000002971
177.7499999999995 -3.8500000000029706
177.69999999999948 -73.65000000000093
177.59999999999945 -73.60000000000093
177.49999999999943 -4.400000000002969
177.44999999999942 -73.50000000000094
177.44999999999942 -4.500000000002968
177.24999999999937 -4.950000000002967
177.19999999999936 -73.35000000000095
177.04999999999933 -73.25000000000095
177.04999999999933 -5.400000000002965
176.99999999999932 -5.500000000002965
176.8999999999993 -73.15000000000096
176.84999999999928 -5.8500000000029635
176.74999999999926 -73.05000000000096
176.64999999999924 -6.300000000002962
176.59999999999923 -72.95000000000097
176.4999999999992 -6.650000000002961
176.4499999999992 -72.85000000000097
176.34999999999917 -7.000000000002959
176.24999999999915 -72.70000000000098
176.19999999999914 -7.350000000002958
176.0999999999991 -72.60000000000099
176.0999999999991 -7.600000000002957
175.94999999999908 -7.950000000002956
175.89999999999907 -72.450000000001
175.84999999999906 -8.200000000002959
175.69999999999902 -72.300000000001
175.599999999999 -8.800000000002967
175.49999999999898 -72.15000000000101
175.49999999999898 -9.05000000000297
175.39999999999895 -9.300000000002974
175.29999999999893 -72.00000000000102
175.29999999999893 -9.550000000002978
175.24999999999892 -71.95000000000103
175.1999999999989 -9.800000000002981
175.04999999999887 -71.80000000000103
174.99999999999886 -71.75000000000104
174.94999999999885 -10.45000000000299
174.84999999999883 -10.700000000002994
174.7499999999988 -71.55000000000105
174.6999999999988 -71.50000000000105
174.6999999999988 -11.100000000003
174.59999999999877 -11.350000000003003
174.44999999999874 -11.75000000000301
174.39999999999873 -71.25000000000107
174.34999999999872 -71.20000000000107
174.2999999999987 -71.15000000000107
174.2999999999987 -12.150000000003015
174.2499999999987 -12.300000000003017
174.09999999999866 -12.700000000003023
173.8999999999986 -70.80000000000109
173.8999999999986 -13.25000000000303
173.8499999999986 -70.7500000000011
173.8499999999986 -13.400000000003033
173.7999999999986 -70.7000000000011
173.74999999999858 -70.6500000000011
173.69999999999857 -70.6000000000011
173.64999999999856 -70.5500000000011
173.64999999999856 -13.95000000000304
173.59999999999854 -70.50000000000111
173.59999999999854 -14.100000000003043
173.54999999999853 -70.45000000000111
173.49999999999852 -70.40000000000111
173.4499999999985 -70.35000000000112
173.3999999999985 -70.30000000000112
173.3499999999985 -70.25000000000112
173.29999999999848 -70.20000000000113
173.29999999999848 -14.950000000003055
173.24999999999847 -70.15000000000113
173.24999999999847 -15.100000000003057
173.19999999999845 -70.10000000000113
173.19999999999845 -15.250000000003059
173.14999999999844 -70.05000000000113
173.14999999999844 -15.400000000003061
173.09999999999843 -70.00000000000114
173.09999999999843 -15.550000000003063
173.04999999999842 -69.95000000000114
173.04999999999842 -15.700000000003065
172.9999999999984 -69.90000000000114
172.9999999999984 -15.850000000003067
172.9499999999984 -16.00000000000307
172.89999999999839 -16.15000000000307
172.84999999999837 -16.300000000003074
172.79999999999836 -16.450000000003076
172.74999999999835 -16.600000000003078
172.69999999999834 -16.75000000000308
172.64999999999833 -69.50000000000117
172.64999999999833 -16.900000000003082
172.59999999999832 -69.45000000000117
172.59999999999832 -17.050000000003084
172.5499999999983 -69.40000000000117
172.5499999999983 -17.200000000003087
172.29999999999825 -69.10000000000119
172.29999999999825 -18.000000000003098
172.24999999999824 -69.05000000000119
172.24999999999824 -18.1500000000031
172.19999999999823 -18.300000000003102
172.0499999999982 -68.8000000000012
172.0499999999982 -18.80000000000311
171.99999999999818 -68.75000000000121
171.99999999999818 -18.95000000000311
171.84999999999815 -68.55000000000122
171.84999999999815 -19.45000000000312
171.79999999999814 -19.60000000000312
171.6999999999981 -68.35000000000123
171.6999999999981 -19.950000000003126
171.6499999999981 -68.30000000000123
171.6499999999981 -20.100000000003128
171.54999999999808 -68.15000000000124
171.54999999999808 -20.450000000003133
171.49999999999807 -68.10000000000124
171.44999999999806 -20.800000000003138
171.39999999999804 -67.95000000000125
171.39999999999804 -20.95000000000314
171.29999999999802 -67.80000000000126
171.29999999999802 -21.300000000003145
171.249999999998 -67.75000000000126
171.199999999998 -21.65000000000315
171.149999999998 -67.60000000000127
171.09999999999798 -22.000000000003155
171.04999999999797 -67.45000000000128
171.04999999999797 -22.200000000003158
170.94999999999794 -67.30000000000129
170.94999999999794 -22.550000000003163
170.84999999999792 -67.1500000000013
170.84999999999792 -22.900000000003168
170.7999999999979 -23.10000000000317
170.7499999999979 -67.00000000000131
170.69999999999789 -23.450000000003175
170.64999999999787 -23.65000000000318
170.59999999999786 -66.75000000000132
170.49999999999784 -66.60000000000133
170.49999999999784 -24.200000000003186
170.44999999999783 -66.50000000000134
170.44999999999783 -24.40000000000319
170.39999999999782 -24.60000000000319
170.3499999999978 -66.35000000000134
170.3499999999978 -24.800000000003195
170.2999999999978 -66.25000000000135
170.14999999999776 -66.00000000000136
170.09999999999775 -65.90000000000137
170.04999999999774 -65.80000000000138
169.99999999999773 -65.70000000000138
169.8499999999977 -26.800000000003223
169.79999999999768 -65.3500000000014
169.79999999999768 -27.000000000003226
169.74999999999767 -65.2500000000014
169.74999999999767 -27.20000000000323
169.69999999999766 -65.15000000000141
169.69999999999766 -27.40000000000323
169.64999999999765 -65.05000000000142
169.59999999999764 -64.95000000000142
169.59999999999764 -27.850000000003238
169.54999999999762 -28.05000000000324
169.4499999999976 -28.500000000003247
169.3999999999976 -64.50000000000145
169.3999999999976 -28.70000000000325
169.34999999999758 -64.40000000000146
169.29999999999757 -64.30000000000146
169.29999999999757 -29.150000000003256
169.19999999999754 -64.05000000000148
169.19999999999754 -29.600000000003263
169.14999999999753 -63.95000000000148
169.14999999999753 -29.850000000003266
169.09999999999752 -63.85000000000149
169.0499999999975 -63.700000000001495
169.0499999999975 -30.300000000003273
168.9999999999975 -63.6000000000015
168.9999999999975 -30.550000000003276
168.9499999999975 -63.45000000000151
168.89999999999748 -63.350000000001515
168.89999999999748 -31.000000000003283
168.84999999999746 -63.20000000000152
168.84999999999746 -31.250000000003286
168.79999999999745 -63.10000000000153
168.79999999999745 -31.50000000000329
168.74999999999744 -62.95000000000154
168.74999999999744 -31.750000000003293
168.69999999999743 -62.800000000001546
168.69999999999743 -32.0000000000033
168.64999999999742 -62.70000000000155
168.64999999999742 -32.25000000000328
168.5999999999974 -62.55000000000156
168.5999999999974 -32.50000000000327
168.5499999999974 -62.40000000000157
168.49999999999739 -62.25000000000158
168.49999999999739 -33.05000000000324
168.44999999999737 -62.100000000001586
168.44999999999737 -33.30000000000322
168.39999999999736 -61.950000000001594
168.39999999999736 -33.55000000000321
168.34999999999735 -61.8000000000016
168.34999999999735 -33.85000000000319
168.29999999999734 -61.65000000000161
168.29999999999734 -34.10000000000318
168.24999999999733 -61.50000000000162
168.24999999999733 -34.40000000000316
168.19999999999732 -61.30000000000163
168.19999999999732 -34.70000000000314
168.1499999999973 -61.15000000000164
168.1499999999973 -34.95000000000313
168.0999999999973 -61.00000000000165
168.0999999999973 -35.25000000000311
168.04999999999728 -60.80000000000166
168.04999999999728 -35.550000000003095
167.99999999999727 -60.60000000000167
167.99999999999727 -35.85000000000308
167.94999999999726 -60.45000000000168
167.94999999999726 -36.15000000000306
167.89999999999725 -60.25000000000169
167.89999999999725 -36.50000000000304
167.84999999999724 -60.0500000000017
167.84999999999724 -36.800000000003024
167.79999999999723 -59.850000000001714
167.79999999999723 -37.10000000000301
167.74999999999721 -59.650000000001725
167.74999999999721 -37.45000000000299
167.6999999999972 -59.40000000000174
167.6999999999972 -37.80000000000297
167.6499999999972 -59.20000000000175
167.6499999999972 -38.15000000000295
167.59999999999718 -58.950000000001765
167.59999999999718 -38.50000000000293
167.54999999999717 -58.70000000000178
167.54999999999717 -38.85000000000291
167.49999999999716 -58.50000000000179
167.49999999999716 -58.45000000000179
167.49999999999716 -39.250000000002885
167.49999999999716 -39.20000000000289
167.44999999999715 -58.20000000000181
167.44999999999715 -39.600000000002865
167.39999999999714 -57.95000000000182
167.39999999999714 -40.00000000000284
167.34999999999712 -57.65000000000184
167.34999999999712 -40.40000000000282
167.2999999999971 -57.350000000001856
167.2999999999971 -40.850000000002794
167.2999999999971 -40.8000000000028
167.2499999999971 -57.05000000000187
167.2499999999971 -57.000000000001876
167.2499999999971 -41.30000000000277
167.2499999999971 -41.25000000000277
167.1999999999971 -56.70000000000189
167.1999999999971 -41.75000000000274
167.1999999999971 -41.700000000002746
167.14999999999708 -56.35000000000191
167.14999999999708 -56.300000000001916
167.14999999999708 -42.250000000002714
167.14999999999708 -42.20000000000272
167.09999999999707 -56.00000000000193
167.09999999999707 -55.950000000001936
167.09999999999707 -42.750000000002686
167.09999999999707 -42.70000000000269
167.04999999999706 -55.55000000000196
167.04999999999706 -55.50000000000196
167.04999999999706 -43.300000000002655
167.04999999999706 -43.25000000000266
166.99999999999704 -55.100000000001984
166.99999999999704 -55.05000000000199
166.99999999999704 -43.90000000000262
166.99999999999704 -43.85000000000262
166.99999999999704 -43.800000000002626
166.94999999999703 -54.60000000000201
166.94999999999703 -54.550000000002015
166.94999999999703 -44.500000000002586
166.94999999999703 -44.45000000000259
166.89999999999702 -54.05000000000204
166.89999999999702 -54.000000000002046
166.89999999999702 -53.95000000000205
166.89999999999702 -45.250000000002544
166.89999999999702 -45.20000000000255
166.89999999999702 -45.15000000000255
166.849999999997 -53.35000000000208
166.849999999997 -53.300000000002086
166.849999999997 -53.25000000000209
166.849999999997 -53.20000000000209
166.849999999997 -46.100000000002495
166.849999999997 -46.0500000000025
166.849999999997 -46.0000000000025
166.849999999997 -45.950000000002504
166.799999999997 -52.450000000002134
166.799999999997 -52.40000000000214
166.799999999997 -52.35000000000214
166.799999999997 -52.30000000000214
166.799999999997 -52.250000000002146
166.799999999997 -47.150000000002436
166.799999999997 -47.10000000000244
166.799999999997 -47.05000000000244
166.799999999997 -47.000000000002444
166.799999999997 -46.95000000000245
166.749999999997 -51.00000000000222
166.749999999997 -50.95000000000222
166.749999999997 -50.90000000000222
166.749999999997 -50.850000000002225
166.749999999997 -50.80000000000223
166.749999999997 -50.75000000000223
166.749999999997 -50.700000000002234
166.749999999997 -50.65000000000224
166.749999999997 -50.60000000000224
166.749999999997 -50.55000000000224
166.749999999997 -50.500000000002245
166.749999999997 -50.45000000000225
166.749999999997 -50.40000000000225
166.749999999997 -50.350000000002254
166.749999999997 -50.30000000000226
166.749999999997 -49.250000000002316
166.749999999997 -49.20000000000232
166.749999999997 -49.15000000000232
166.749999999997 -49.100000000002325
166.749999999997 -49.05000000000233
166.749999999997 -49.00000000000233
166.749999999997 -48.95000000000233
166.749999999997 -48.900000000002336
166.749999999997 -48.85000000000234
166.749999999997 -48.80000000000234
166.749999999997 -48.750000000002345
166.749999999997 -48.70000000000235
166.749999999997 -48.65000000000235
166.749999999997 -48.60000000000235
166.749999999997 -48.550000000002356
-55.75000000000564 -51.00000000000222
-55.75000000000564 -50.95000000000222
-55.75000000000564 -50.90000000000222
-55.75000000000564 -50.850000000002225
-55.75000000000564 -50.80000000000223
-55.75000000000564 -50.75000000000223
-55.75000000000564 -50.700000000002234
-55.75000000000564 -50.65000000000224
-55.75000000000564 -50.60000000000224
-55.75000000000564 -50.55000000000224
-55.75000000000564 -50.500000000002245
-55.75000000000564 -50.45000000000225
-55.75000000000564 -50.40000000000225
-55.75000000000564 -50.350000000002254
-55.75000000000564 -50.30000000000226
-55.75000000000564 -49.250000000002316
-55.75000000000564 -49.20000000000232
-55.75000000000564 -49.15000000000232
-55.75000000000564 -49.100000000002325
-55.75000000000564 -49.05000000000233
-55.75000000000564 -49.00000000000233
-55.75000000000564 -48.95000000000233
-55.75000000000564 -48.900000000002336
-55.75000000000564 -48.85000000000234
-55.75000000000564 -48.80000000000234
-55.75000000000564 -48.750000000002345
-55.75000000000564 -48.70000000000235
-55.75000000000564 -48.65000000000235
-55.75000000000564 -48.60000000000235
-55.75000000000564 -48.550000000002356
-55.80000000000564 -52.450000000002134
-55.80000000000564 -52.40000000000214
-55.80000000000564 -52.35000000000214
-55.80000000000564 -52.30000000000214
-55.80000000000564 -52.250000000002146
-55.80000000000564 -47.150000000002436
-55.80000000000564 -47.10000000000244
-55.80000000000564 -47.05000000000244
-55.80000000000564 -47.000000000002444
-55.80000000000564 -46.95000000000245
-55.850000000005636 -53.35000000000208
-55.850000000005636 -53.300000000002086
-55.850000000005636 -53.25000000000209
-55.850000000005636 -53.20000000000209
-55.850000000005636 -46.100000000002495
-55.850000000005636 -46.0500000000025
-55.850000000005636 -46.0000000000025
-55.850000000005636 -45.950000000002504
-55.90000000000563 -54.05000000000204
-55.90000000000563 -54.000000000002046
-55.90000000000563 -53.95000000000205
-55.90000000000563 -45.250000000002544
-55.90000000000563 -45.20000000000255
-55.90000000000563 -45.15000000000255
-55.95000000000563 -54.60000000000201
-55.95000000000563 -54.550000000002015
-55.95000000000563 -44.500000000002586
-55.95000000000563 -44.45000000000259
-56.00000000000563 -55.100000000001984
-56.00000000000563 -55.05000000000199
-56.00000000000563 -43.90000000000262
-56.00000000000563 -43.85000000000262
-56.00000000000563 -43.800000000002626
-56.050000000005625 -55.55000000000196
-56.050000000005625 -55.50000000000196
-56.050000000005625 -43.300000000002655
-56.050000000005625 -43.25000000000266
-56.10000000000562 -56.00000000000193
-56.10000000000562 -55.950000000001936
-56.10000000000562 -42.750000000002686
-56.10000000000562 -42.70000000000269
-56.15000000000562 -56.35000000000191
-56.15000000000562 -56.300000000001916
-56.15000000000562 -42.250000000002714
-56.15000000000562 -42.20000000000272
-56.200000000005616 -56.70000000000189
-56.200000000005616 -41.75000000000274
-56.200000000005616 -41.700000000002746
-56.25000000000561 -57.05000000000187
-56.25000000000561 -57.000000000001876
-56.25000000000561 -41.30000000000277
-56.25000000000561 -41.25000000000277
-56.30000000000561 -57.350000000001856
-56.30000000000561 -40.850000000002794
-56.30000000000561 -40.8000000000028
-56.35000000000561 -57.65000000000184
-56.35000000000561 -40.40000000000282
-56.400000000005605 -57.95000000000182
-56.400000000005605 -40.00000000000284
-56.4500000000056 -58.20000000000181
-56.4500000000056 -39.600000000002865
-56.5000000000056 -58.50000000000179
-56.5000000000056 -58.45000000000179
-56.5000000000056 -39.250000000002885
-56.5000000000056 -39.20000000000289
-56.550000000005596 -58.70000000000178
-56.550000000005596 -38.85000000000291
-56.60000000000559 -58.950000000001765
-56.60000000000559 -38.50000000000293
-56.65000000000559 -59.20000000000175
-56.65000000000559 -38.15000000000295
-56.70000000000559 -59.40000000000174
-56.70000000000559 -37.80000000000297
-56.750000000005585 -59.650000000001725
-56.750000000005585 -37.45000000000299
-56.80000000000558 -59.850000000001714
-56.80000000000558 -37.10000000000301
-56.85000000000558 -60.0500000000017
-56.85000000000558 -36.800000000003024
-56.900000000005576 -60.25000000000169
-56.900000000005576 -36.50000000000304
-56.95000000000557 -60.45000000000168
-56.95000000000557 -36.15000000000306
-57.00000000000557 -60.60000000000167
-57.00000000000557 -35.85000000000308
-57.05000000000557 -60.80000000000166
-57.05000000000557 -35.550000000003095
-57.100000000005565 -61.00000000000165
-57.100000000005565 -35.25000000000311
-57.15000000000556 -61.15000000000164
-57.15000000000556 -34.95000000000313
-57.20000000000556 -61.30000000000163
-57.20000000000556 -34.70000000000314
-57.250000000005556 -61.50000000000162
-57.250000000005556 -34.40000000000316
-57.300000000005554 -61.65000000000161
-57.300000000005554 -34.10000000000318
-57.35000000000555 -61.8000000000016
-57.35000000000555 -33.85000000000319
-57.40000000000555 -61.950000000001594
-57.40000000000555 -33.55000000000321
-57.450000000005545 -62.100000000001586
-57.450000000005545 -33.30000000000322
-57.50000000000554 -62.25000000000158
-57.50000000000554 -33.05000000000324
-57.55000000000554 -62.40000000000157
-57.60000000000554 -62.55000000000156
-57.60000000000554 -32.50000000000327
-57.650000000005534 -62.70000000000155
-57.650000000005534 -32.25000000000328
-57.70000000000553 -62.800000000001546
-57.70000000000553 -32.0000000000033
-57.75000000000553 -62.95000000000154
-57.75000000000553 -31.750000000003293
-57.800000000005525 -63.10000000000153
-57.800000000005525 -31.50000000000329
-57.85000000000552 -63.20000000000152
-57.85000000000552 -31.250000000003286
-57.90000000000552 -63.350000000001515
-57.90000000000552 -31.000000000003283
-57.95000000000552 -63.45000000000151
-58.000000000005514 -63.6000000000015
-58.000000000005514 -30.550000000003276
-58.05000000000551 -63.700000000001495
-58.05000000000551 -30.300000000003273
-58.10000000000551 -63.85000000000149
-58.150000000005505 -63.95000000000148
-58.150000000005505 -29.850000000003266
-58.2000000000055 -64.05000000000148
-58.2000000000055 -29.600000000003263
-58.3000000000055 -64.30000000000146
-58.3000000000055 -29.150000000003256
-58.350000000005494 -64.40000000000146
-58.40000000000549 -64.50000000000145
-58.40000000000549 -28.70000000000325
-58.45000000000549 -28.500000000003247
-58.55000000000548 -28.05000000000324
-58.60000000000548 -64.95000000000142
-58.60000000000548 -27.850000000003238
-58.65000000000548 -65.05000000000142
-58.700000000005474 -65.15000000000141
-58.700000000005474 -27.40000000000323
-58.75000000000547 -65.2500000000014
-58.75000000000547 -27.20000000000323
-58.80000000000547 -65.3500000000014
-58.80000000000547 -27.000000000003226
-58.850000000005465 -26.800000000003223
-59.00000000000546 -65.70000000000138
-59.050000000005454 -65.80000000000138
-59.10000000000545 -65.90000000000137
-59.15000000000545 -66.00000000000136
-59.30000000000544 -66.25000000000135
-59.35000000000544 -66.35000000000134
-59.35000000000544 -24.800000000003195
-59.400000000005434 -24.60000000000319
-59.45000000000543 -66.50000000000134
-59.45000000000543 -24.40000000000319
-59.50000000000543 -66.60000000000133
-59.50000000000543 -24.200000000003186
-59.60000000000542 -66.75000000000132
-59.65000000000542 -23.65000000000318
-59.70000000000542 -23.450000000003175
-59.750000000005414 -67.00000000000131
-59.80000000000541 -23.10000000000317
-59.85000000000541 -67.1500000000013
-59.85000000000541 -22.900000000003168
-59.9500000000054 -67.30000000000129
-59.9500000000054 -22.550000000003163
-60.0500000000054 -67.45000000000128
-60.0500000000054 -22.200000000003158
-60.100000000005394 -22.000000000003155
-60.15000000000539 -67.60000000000127
-60.20000000000539 -21.65000000000315
-60.250000000005386 -67.75000000000126
-60.30000000000538 -67.80000000000126
-60.30000000000538 -21.300000000003145
-60.40000000000538 -67.95000000000125
-60.40000000000538 -20.95000000000314
-60.450000000005375 -20.800000000003138
-60.50000000000537 -68.10000000000124
-60.55000000000537 -68.15000000000124
-60.55000000000537 -20.450000000003133
-60.65000000000536 -68.30000000000123
-60.65000000000536 -20.100000000003128
-60.70000000000536 -68.35000000000123
-60.70000000000536 -19.950000000003126
-60.800000000005355 -19.60000000000312
-60.85000000000535 -68.55000000000122
-60.85000000000535 -19.45000000000312
-61.00000000000534 -68.75000000000121
-61.00000000000534 -18.95000000000311
-61.05000000000534 -68.8000000000012
-61.05000000000534 -18.80000000000311
-61.20000000000533 -18.300000000003102
-61.25000000000533 -69.05000000000119
-61.25000000000533 -18.1500000000031
-61.300000000005326 -69.10000000000119
-61.300000000005326 -18.000000000003098
-61.55000000000531 -69.40000000000117
-61.55000000000531 -17.200000000003087
-61.60000000000531 -69.45000000000117
-61.60000000000531 -17.050000000003084
-61.650000000005306 -69.50000000000117
-61.650000000005306 -16.900000000003082
-61.7000000000053 -16.75000000000308
-61.7500000000053 -16.600000000003078
-61.8000000000053 -16.450000000003076
-61.850000000005295 -16.300000000003074
-61.90000000000529 -16.15000000000307
-61.95000000000529 -16.00000000000307
-62.000000000005286 -69.90000000000114
-62.000000000005286 -15.850000000003067
-62.050000000005284 -69.95000000000114
-62.050000000005284 -15.700000000003065
-62.10000000000528 -70.00000000000114
-62.10000000000528 -15.550000000003063
-62.15000000000528 -70.05000000000113
-62.15000000000528 -15.400000000003061
-62.200000000005275 -70.10000000000113
-62.200000000005275 -15.250000000003059
-62.25000000000527 -70.15000000000113
-62.25000000000527 -15.100000000003057
-62.30000000000527 -70.20000000000113
-62.30000000000527 -14.950000000003055
-62.35000000000527 -70.25000000000112
-62.400000000005264 -70.30000000000112
-62.45000000000526 -70.35000000000112
-62.50000000000526 -70.40000000000111
-62.550000000005255 -70.45000000000111
-62.60000000000525 -70.50000000000111
-62.60000000000525 -14.100000000003043
-62.65000000000525 -70.5500000000011
-62.65000000000525 -13.95000000000304
-62.70000000000525 -70.6000000000011
-62.750000000005244 -70.6500000000011
-62.80000000000524 -70.7000000000011
-62.85000000000524 -70.7500000000011
-62.85000000000524 -13.400000000003033
-62.900000000005235 -70.80000000000109
-62.900000000005235 -13.25000000000303
-63.100000000005224 -12.700000000003023
-63.250000000005215 -12.300000000003017
-63.30000000000521 -71.15000000000107
-63.30000000000521 -12.150000000003015
-63.35000000000521 -71.20000000000107
-63.40000000000521 -71.25000000000107
-63.450000000005204 -11.75000000000301
-63.600000000005195 -11.350000000003003
-63.70000000000519 -71.50000000000105
-63.70000000000519 -11.100000000003
-63.75000000000519 -71.55000000000105
-63.85000000000518 -10.700000000002994
-63.950000000005176 -10.45000000000299
-64.00000000000517 -71.75000000000104
-64.05000000000517 -71.80000000000103
-64.20000000000516 -9.800000000002981
-64.25000000000516 -71.95000000000103
-64.30000000000516 -72.00000000000102
-64.30000000000516 -9.550000000002978
-64.40000000000515 -9.300000000002974
-64.50000000000514 -72.15000000000101
-64.50000000000514 -9.05000000000297
-64.60000000000514 -8.800000000002967
-64.70000000000513 -72.300000000001
-64.85000000000512 -8.200000000002959
-64.90000000000512 -72.450000000001
-64.95000000000512 -7.950000000002956
-65.10000000000511 -72.60000000000099
-65.10000000000511 -7.600000000002957
-65.2000000000051 -7.350000000002958
-65.2500000000051 -72.70000000000098
-65.3500000000051 -7.000000000002959
-65.45000000000509 -72.85000000000097
-65.50000000000509 -6.650000000002961
-65.60000000000508 -72.95000000000097
-65.65000000000508 -6.300000000002962
-65.75000000000507 -73.05000000000096
-65.85000000000507 -5.8500000000029635
-65.90000000000506 -73.15000000000096
-66.00000000000506 -5.500000000002965
-66.05000000000506 -73.25000000000095
-66.05000000000506 -5.400000000002965
-66.20000000000505 -73.35000000000095
-66.25000000000504 -4.950000000002967
-66.45000000000503 -73.50000000000094
-66.45000000000503 -4.500000000002968
-66.50000000000503 -4.400000000002969
-66.60000000000502 -73.60000000000093
-66.70000000000502 -73.65000000000093
-66.75000000000502 -3.8500000000029706
-66.80000000000501 -3.750000000002971
-66.85000000000501 -73.75000000000092
-66.950000000005 -73.80000000000092
-67.100000000005 -73.90000000000092
-67.150000000005 -3.0000000000029736
-67.20000000000499 -73.95000000000091
-67.20000000000499 -2.900000000002974
-67.25000000000499 -2.8000000000029743
-67.45000000000498 -74.1000000000009
-67.55000000000497 -74.1500000000009
-67.80000000000496 -74.30000000000089
-67.90000000000495 -74.35000000000089
-68.00000000000495 -74.40000000000089
-68.10000000000494 -74.45000000000088
-68.8500000000049 0.39999999999702407
-68.9000000000049 0.49999999999702405
-68.95000000000489 0.5999999999970241
-69.30000000000487 1.2499999999970246
-69.35000000000487 1.3499999999970247
-69.60000000000485 -75.20000000000084
-69.60000000000485 1.799999999997025
-69.65000000000485 1.8999999999970252
-69.70000000000485 -75.25000000000084
-69.80000000000484 -75.30000000000084
-69.90000000000484 -75.35000000000083
-69.90000000000484 2.3499999999970242
-70.15000000000482 -75.45000000000083
-70.15000000000482 2.7999999999970226
-70.25000000000482 -75.50000000000082
-70.35000000000481 -75.55000000000082
-70.35000000000481 3.1499999999970214
-70.5500000000048 3.49999999999702
-70.6000000000048 -75.65000000000082
-70.70000000000479 -75.70000000000081
-70.75000000000479 3.849999999997019
-70.90000000000478 4.099999999997018
-70.95000000000478 -75.80000000000081
-71.05000000000477 -75.8500000000008
-71.10000000000477 4.449999999997017
-71.20000000000476 -75.9000000000008
-71.25000000000476 4.699999999997016
-71.30000000000476 -75.9500000000008
-71.40000000000475 4.949999999997015
-71.55000000000474 -76.0500000000008
-71.55000000000474 5.199999999997014
-71.80000000000473 -76.15000000000079
-71.95000000000472 -76.20000000000078
-71.95000000000472 5.849999999997012
-72.05000000000472 -76.25000000000078
-72.2000000000047 -76.30000000000078
-72.2000000000047 6.24999999999701
-72.45000000000469 -76.40000000000077
-72.45000000000469 6.649999999997009
-72.55000000000469 6.799999999997008
-72.60000000000468 -76.45000000000077
-72.80000000000467 7.199999999997007
-72.90000000000467 7.3499999999970065
-73.00000000000466 -76.60000000000076
-73.00000000000466 7.499999999997006
-73.15000000000465 -76.65000000000076
-73.30000000000464 -76.70000000000076
-73.45000000000464 -76.75000000000075
-73.80000000000462 8.699999999997013
-73.90000000000461 8.849999999997015
-74.0000000000046 8.999999999997017
-74.35000000000458 9.499999999997025
-74.45000000000458 9.649999999997027
-74.65000000000457 -77.15000000000073
-74.70000000000456 9.999999999997032
-74.80000000000456 -77.20000000000073
-74.95000000000455 -77.25000000000072
-74.95000000000455 10.349999999997037
-75.10000000000454 -77.30000000000072
-75.20000000000454 10.699999999997042
-75.35000000000453 10.899999999997044
-75.45000000000452 -77.40000000000072
-75.60000000000451 -77.45000000000071
-75.9500000000045 -77.55000000000071
-76.25000000000448 12.099999999997062
-76.30000000000447 -77.6500000000007
-76.40000000000447 12.299999999997064
-76.65000000000445 -77.7500000000007
-76.75000000000445 12.74999999999707
-76.85000000000444 -77.8000000000007
-76.95000000000444 12.999999999997074
-77.00000000000443 -77.85000000000069
-77.15000000000443 13.249999999997078
-77.20000000000442 -77.90000000000069
-77.35000000000441 13.499999999997081
-77.40000000000441 -77.95000000000068
-77.5500000000044 13.749999999997085
-77.75000000000439 -78.05000000000068
-77.80000000000439 14.04999999999709
-77.95000000000438 -78.10000000000068
-78.00000000000438 14.299999999997093
-78.05000000000437 14.349999999997094
-78.15000000000437 -78.15000000000067
-78.30000000000436 14.649999999997098
-78.35000000000436 -78.20000000000067
-78.55000000000435 -78.25000000000067
-78.55000000000435 14.949999999997102
-78.75000000000433 -78.30000000000067
-78.85000000000433 15.299999999997107
-78.90000000000433 15.349999999997108
-78.95000000000432 -78.35000000000066
-79.20000000000431 15.699999999997113
-79.2500000000043 15.749999999997113
-79.4000000000043 -78.45000000000066
-79.60000000000429 -78.50000000000065
-79.60000000000429 16.149999999997117
-79.65000000000428 16.199999999997118
-79.80000000000427 -78.55000000000065
-80.05000000000426 -78.60000000000065
-80.10000000000426 16.699999999997125
-80.15000000000425 16.749999999997126
-80.25000000000425 -78.65000000000065
-80.50000000000423 -78.70000000000064
-80.70000000000422 -78.75000000000064
-80.80000000000422 17.449999999997136
-80.85000000000421 17.499999999997137
-80.90000000000421 17.549999999997137
-80.95000000000421 -78.80000000000064
-80.95000000000421 17.599999999997138
-81.2000000000042 -78.85000000000063
-81.45000000000418 -78.90000000000063
-81.90000000000416 -79.00000000000063
-82.15000000000414 -79.05000000000062
-82.70000000000411 -79.15000000000062
-82.9000000000041 19.549999999997166
-82.9500000000041 -79.20000000000061
-82.9500000000041 19.599999999997166
-83.00000000000409 19.649999999997167
-83.05000000000409 19.699999999997168
-83.20000000000408 -79.25000000000061
-83.50000000000406 -79.30000000000061
-83.75000000000405 -79.3500000000006
-83.75000000000405 20.349999999997177
-83.80000000000405 20.399999999997178
-84.05000000000403 -79.4000000000006
-84.30000000000402 -79.4500000000006
-84.30000000000402 20.849999999997184
-84.35000000000402 20.899999999997185
-84.600000000004 -79.5000000000006
-84.750000000004 21.24999999999719
-84.90000000000398 -79.5500000000006
-85.15000000000397 21.599999999997195
-85.20000000000397 -79.60000000000059
-85.50000000000395 -79.65000000000059
-85.50000000000395 21.8999999999972
-85.80000000000393 -79.70000000000059
-85.80000000000393 22.149999999997203
-86.10000000000392 -79.75000000000058
-86.10000000000392 22.399999999997206
-86.4000000000039 -79.80000000000058
-86.4000000000039 22.64999999999721
-86.4500000000039 -79.80000000000058
-86.65000000000389 22.849999999997213
-86.75000000000388 -79.85000000000058
-86.90000000000387 23.049999999997215
-87.05000000000386 -79.90000000000057
-87.10000000000386 -79.90000000000057
-87.15000000000386 23.24999999999722
-87.40000000000384 -79.95000000000057
-87.60000000000383 23.599999999997223
-87.75000000000382 -80.00000000000057
-87.80000000000382 23.749999999997225
-88.1000000000038 -80.05000000000057
-88.45000000000378 -80.10000000000056
-88.80000000000376 -80.15000000000056
-88.80000000000376 24.499999999997236
-89.00000000000375 24.649999999997238
-89.15000000000374 -80.20000000000056
-89.20000000000374 -80.20000000000056
-89.35000000000373 24.89999999999724
-89.55000000000372 -80.25000000000055
-89.8500000000037 25.249999999997247
-89.9500000000037 -80.30000000000055
-90.30000000000368 -80.35000000000055
-90.35000000000367 -80.35000000000055
-90.50000000000367 25.699999999997253
-90.65000000000366 25.799999999997254
-90.70000000000366 -80.40000000000055
-90.75000000000365 -80.40000000000055
-90.80000000000365 25.899999999997256
-90.95000000000364 25.999999999997257
-91.10000000000363 26.09999999999726
-91.15000000000363 -80.45000000000054
-91.5500000000036 -80.50000000000054
-91.6500000000036 26.449999999997264
-91.80000000000359 26.549999999997265
-91.95000000000358 -80.55000000000054
-92.00000000000358 -80.55000000000054
-92.20000000000357 26.79999999999727
-92.40000000000356 -80.60000000000053
-92.45000000000356 -80.60000000000053
-92.60000000000355 27.049999999997272
-92.85000000000353 -80.65000000000053
-92.85000000000353 27.199999999997274
-93.10000000000352 27.349999999997276
-93.30000000000351 -80.70000000000053
-93.3500000000035 -80.70000000000053
-93.3500000000035 27.49999999999728
-93.60000000000349 27.64999999999728
-93.80000000000348 -80.75000000000053
-93.95000000000347 27.849999999997284
-94.25000000000345 -80.80000000000052
-94.30000000000345 -80.80000000000052
-94.30000000000345 28.049999999997286
-94.65000000000343 28.24999999999729
-94.75000000000342 -80.85000000000052
-94.75000000000342 28.29999999999729
-94.80000000000342 -80.85000000000052
-95.2000000000034 28.549999999997294
-95.2500000000034 -80.90000000000052
-95.3000000000034 -80.90000000000052
-95.3000000000034 28.599999999997294
-95.80000000000337 -80.95000000000051
-95.95000000000336 28.9499999999973
-96.05000000000335 28.9999999999973
-96.15000000000335 29.0499999999973
-96.25000000000334 29.0999999999973
-96.30000000000334 -81.00000000000051
-96.35000000000333 -81.00000000000051
-96.8500000000033 -81.05000000000051
-96.9000000000033 -81.05000000000051
-97.45000000000327 -81.1000000000005
-97.45000000000327 29.69999999999731
-97.55000000000327 29.74999999999731
-97.65000000000326 29.79999999999731
-97.75000000000325 29.849999999997312
-98.00000000000324 -81.1500000000005
-98.05000000000324 -81.1500000000005
-98.50000000000321 30.199999999997317
-98.6000000000032 -81.2000000000005
-98.6500000000032 -81.2000000000005
-99.05000000000318 30.44999999999732
-99.25000000000317 -81.2500000000005
-99.30000000000317 -81.2500000000005
-99.50000000000315 30.649999999997323
-99.85000000000313 30.799999999997326
-99.90000000000313 -81.3000000000005
-99.95000000000313 -81.3000000000005
-100.20000000000312 30.949999999997328
-100.5500000000031 -81.35000000000049
-100.5500000000031 31.09999999999733
-100.60000000000309 -81.35000000000049
-100.65000000000309 -81.35000000000049
-100.80000000000308 31.19999999999733
-101.05000000000307 31.299999999997333
-101.25000000000306 -81.40000000000049
-101.30000000000305 -81.40000000000049
-101.30000000000305 31.399999999997334
-101.35000000000305 -81.40000000000049
-101.55000000000304 31.499999999997335
-101.80000000000302 31.599999999997337
-102.00000000000301 -81.45000000000049
-102.05000000000301 -81.45000000000049
-102.200000000003 31.74999999999734
-102.60000000000298 31.89999999999734
-102.75000000000297 -81.50000000000048
-102.80000000000297 -81.50000000000048
-102.85000000000296 -81.50000000000048
-103.00000000000296 32.04999999999734
-103.15000000000295 32.09999999999734
-103.55000000000292 -81.55000000000048
-103.60000000000292 -81.55000000000048
-103.65000000000292 -81.55000000000048
-103.85000000000291 32.34999999999732
-104.0000000000029 32.39999999999732
-104.15000000000289 32.44999999999732
-104.30000000000288 32.499999999997314
-104.40000000000288 -81.60000000000048
-104.45000000000287 -81.60000000000048
-104.45000000000287 32.54999999999731
-104.50000000000287 -81.60000000000048
-104.60000000000286 32.59999999999731
-104.75000000000286 32.649999999997306
-104.90000000000285 32.6999999999973
-105.05000000000284 32.7499999999973
-105.30000000000283 -81.65000000000047
-105.35000000000282 -81.65000000000047
-105.7000000000028 32.94999999999729
-105.8500000000028 32.999999999997286
-106.25000000000277 -81.70000000000047
-106.30000000000277 -81.70000000000047
-106.35000000000277 33.14999999999728
-106.70000000000275 33.24999999999727
-107.05000000000273 33.349999999997266
-107.25000000000271 -81.75000000000047
-107.30000000000271 -81.75000000000047
-107.35000000000271 -81.75000000000047
-107.4000000000027 33.44999999999726
-107.75000000000269 33.549999999997254
-107.95000000000267 33.59999999999725
-108.30000000000265 -81.80000000000047
-108.35000000000265 -81.80000000000047
-108.40000000000265 -81.80000000000047
-108.70000000000263 33.79999999999724
-108.90000000000262 33.84999999999724
-109.10000000000261 33.899999999997235
-109.45000000000259 -81.85000000000046
-109.50000000000259 -81.85000000000046
-109.55000000000258 -81.85000000000046
-109.60000000000258 -81.85000000000046
-109.95000000000256 34.09999999999722
-110.40000000000254 34.19999999999722
-110.60000000000252 34.249999999997215
-110.75000000000252 -81.90000000000046
-110.80000000000251 -81.90000000000046
-110.85000000000251 -81.90000000000046
-110.85000000000251 34.29999999999721
-110.9000000000025 -81.90000000000046
-111.30000000000248 34.399999999997206
-111.55000000000247 34.4499999999972
-111.80000000000246 34.4999999999972
-112.05000000000244 34.5499999999972
-112.15000000000244 -81.95000000000046
-112.20000000000243 -81.95000000000046
-112.25000000000243 -81.95000000000046
-112.30000000000243 -81.95000000000046
-112.30000000000243 34.599999999997195
-112.35000000000242 -81.95000000000046
-112.8500000000024 34.69999999999719
-113.40000000000236 34.79999999999718
-113.70000000000235 34.84999999999718
-113.80000000000234 -82.00000000000045
-113.85000000000234 -82.00000000000045
-113.90000000000234 -82.00000000000045
-113.95000000000233 -82.00000000000045
-114.00000000000233 -82.00000000000045
-114.00000000000233 34.89999999999718
-114.30000000000231 34.949999999997175
-114.6500000000023 34.99999999999717
-114.95000000000228 35.04999999999717
-115.30000000000226 35.099999999997166
-115.65000000000224 35.14999999999716
-115.75000000000223 -82.05000000000045
-115.80000000000223 -82.05000000000045
-115.85000000000223 -82.05000000000045
-115.90000000000222 -82.05000000000045
-115.95000000000222 -82.05000000000045
-116.00000000000222 -82.05000000000045
-116.05000000000221 35.19999999999716
-116.45000000000219 35.24999999999716
-116.85000000000217 35.299999999997155
-117.30000000000214 35.34999999999715
-117.75000000000212 35.39999999999715
-118.25000000000209 35.44999999999715
-118.30000000000209 -82.10000000000045
-118.35000000000208 -82.10000000000045
-118.40000000000208 -82.10000000000045
-118.45000000000208 -82.10000000000045
-118.50000000000207 -82.10000000000045
-118.55000000000207 -82.10000000000045
-118.60000000000207 -82.10000000000045
-118.65000000000207 -82.10000000000045
-118.70000000000206 -82.10000000000045
-118.80000000000206 35.499999999997144
-119.40000000000202 35.54999999999714
-119.45000000000202 35.54999999999714
-120.10000000000198 35.59999999999714
-120.15000000000198 35.59999999999714
-120.90000000000194 35.649999999997135
-120.95000000000194 35.649999999997135
-121.95000000000188 35.69999999999713
-122.00000000000188 35.69999999999713
-122.05000000000187 35.69999999999713
-124.25000000000175 35.74999999999713
-124.30000000000175 35.74999999999713
-124.35000000000174 35.74999999999713
-124.40000000000174 35.74999999999713
-124.45000000000174 35.74999999999713
-124.50000000000173 35.74999999999713
-124.55000000000173 35.74999999999713
-124.60000000000173 35.74999999999713
-124.65000000000173 35.74999999999713
-124.70000000000172 35.74999999999713
-124.75000000000172 35.74999999999713
-126.9500000000016 35.69999999999713
-127.00000000000159 35.69999999999713
-127.05000000000159 35.69999999999713
-128.05000000000155 35.649999999997135
-128.10000000000156 35.649999999997135
-128.85000000000173 35.59999999999714
-128.90000000000174 35.59999999999714
-129.5500000000019 35.54999999999714
-129.6000000000019 35.54999999999714
-130.20000000000203 35.499999999997144
-130.30000000000206 -82.10000000000045
-130.35000000000207 -82.10000000000045
-130.40000000000208 -82.10000000000045
-130.4500000000021 -82.10000000000045
-130.5000000000021 -82.10000000000045
-130.55000000000211 -82.10000000000045
-130.60000000000213 -82.10000000000045
-130.65000000000214 -82.10000000000045
-130.70000000000215 -82.10000000000045
-130.75000000000216 35.44999999999715
-131.25000000000227 35.39999999999715
-131.70000000000238 35.34999999999715
-132.15000000000248 35.299999999997155
-132.55000000000257 35.24999999999716
-132.95000000000266 35.19999999999716
-133.00000000000267 -82.05000000000045
-133.05000000000268 -82.05000000000045
-133.1000000000027 -82.05000000000045
-133.1500000000027 -82.05000000000045
-133.20000000000272 -82.05000000000045
-133.25000000000273 -82.05000000000045
-133.35000000000275 35.14999999999716
-133.70000000000283 35.099999999997166
-134.0500000000029 35.04999999999717
-134.35000000000298 34.99999999999717
-134.70000000000306 34.949999999997175
-135.00000000000313 -82.00000000000045
-135.00000000000313 34.89999999999718
-135.05000000000314 -82.00000000000045
-135.10000000000315 -82.00000000000045
-135.15000000000316 -82.00000000000045
-135.20000000000317 -82.00000000000045
-135.3000000000032 34.84999999999718
-135.60000000000326 34.79999999999718
-136.1500000000034 34.69999999999719
-136.6500000000035 -81.95000000000046
-136.7000000000035 -81.95000000000046
-136.7000000000035 34.599999999997195
-136.75000000000352 -81.95000000000046
-136.80000000000354 -81.95000000000046
-136.85000000000355 -81.95000000000046
-136.95000000000357 34.5499999999972
-137.20000000000363 34.4999999999972
-137.45000000000368 34.4499999999972
-137.70000000000374 34.399999999997206
-138.10000000000383 -81.90000000000046
-138.15000000000384 -81.90000000000046
-138.15000000000384 34.29999999999721
-138.20000000000385 -81.90000000000046
-138.25000000000387 -81.90000000000046
-138.4000000000039 34.249999999997215
-138.60000000000394 34.19999999999722
-139.05000000000405 34.09999999999722
-139.40000000000413 -81.85000000000046
-139.45000000000414 -81.85000000000046
-139.50000000000415 -81.85000000000046
-139.55000000000416 -81.85000000000046
-139.90000000000424 33.899999999997235
-140.1000000000043 33.84999999999724
-140.30000000000433 33.79999999999724
-140.6000000000044 -81.80000000000047
-140.6500000000044 -81.80000000000047
-140.70000000000442 -81.80000000000047
-141.0500000000045 33.59999999999725
-141.25000000000455 33.549999999997254
-141.60000000000463 33.44999999999726
-141.65000000000464 -81.75000000000047
-141.70000000000465 -81.75000000000047
-141.75000000000466 -81.75000000000047
-141.9500000000047 33.349999999997266
-142.3000000000048 33.24999999999727
-142.65000000000487 33.14999999999728
-142.70000000000488 -81.70000000000047
-142.7500000000049 -81.70000000000047
-143.15000000000498 32.999999999997286
-143.300000000005 32.94999999999729
-143.6500000000051 -81.65000000000047
-143.7000000000051 -81.65000000000047
-143.95000000000516 32.7499999999973
-144.1000000000052 32.6999999999973
-144.25000000000523 32.649999999997306
-144.40000000000526 32.59999999999731
-144.5000000000053 -81.60000000000048
-144.5500000000053 -81.60000000000048
-144.5500000000053 32.54999999999731
-144.6000000000053 -81.60000000000048
-144.70000000000533 32.499999999997314
-144.85000000000537 32.44999999999732
-145.0000000000054 32.39999999999732
-145.15000000000543 32.34999999999732
-145.35000000000548 -81.55000000000048
-145.4000000000055 -81.55000000000048
-145.4500000000055 -81.55000000000048
-145.8500000000056 32.09999999999734
-146.00000000000563 32.04999999999734
-146.15000000000566 -81.50000000000048
-146.20000000000567 -81.50000000000048
-146.25000000000568 -81.50000000000048
-146.40000000000572 31.89999999999734
-146.8000000000058 31.74999999999734
-146.95000000000584 -81.45000000000049
-147.00000000000585 -81.45000000000049
-147.2000000000059 31.599999999997337
-147.45000000000596 31.499999999997335
-147.650000000006 -81.40000000000049
-147.700000000006 -81.40000000000049
-147.700000000006 31.399999999997334
-147.75000000000603 -81.40000000000049
-147.95000000000607 31.299999999997333
-148.20000000000613 31.19999999999733
-148.35000000000616 -81.35000000000049
-148.40000000000617 -81.35000000000049
-148.45000000000618 -81.35000000000049
-148.45000000000618 31.09999999999733
-148.80000000000626 30.949999999997328
-149.05000000000632 -81.3000000000005
-149.10000000000633 -81.3000000000005
-149.15000000000634 30.799999999997326
-149.50000000000642 30.649999999997323
-149.70000000000647 -81.2500000000005
-149.75000000000648 -81.2500000000005
-149.95000000000653 30.44999999999732
-150.35000000000662 -81.2000000000005
-150.40000000000663 -81.2000000000005
-150.50000000000665 30.199999999997317
-150.95000000000675 -81.1500000000005
-151.00000000000676 -81.1500000000005
-151.25000000000682 29.849999999997312
-151.35000000000684 29.79999999999731
-151.45000000000687 29.74999999999731
-151.5500000000069 -81.1000000000005
-151.5500000000069 29.69999999999731
-152.10000000000701 -81.05000000000051
-152.15000000000703 -81.05000000000051
-152.65000000000714 -81.00000000000051
-152.70000000000715 -81.00000000000051
-152.75000000000716 29.0999999999973
-152.85000000000719 29.0499999999973
-152.9500000000072 28.9999999999973
-153.05000000000723 28.9499999999973
-153.20000000000726 -80.95000000000051
-153.70000000000738 -80.90000000000052
-153.70000000000738 28.599999999997294
-153.7500000000074 -80.90000000000052
-153.8000000000074 28.549999999997294
-154.2000000000075 -80.85000000000052
-154.2500000000075 -80.85000000000052
-154.2500000000075 28.29999999999729
-154.35000000000753 28.24999999999729
-154.7000000000076 -80.80000000000052
-154.7000000000076 28.049999999997286
-154.75000000000762 -80.80000000000052
-155.05000000000769 27.849999999997284
-155.20000000000772 -80.75000000000053
-155.40000000000776 27.64999999999728
-155.65000000000782 -80.70000000000053
-155.65000000000782 27.49999999999728
-155.70000000000783 -80.70000000000053
-155.90000000000788 27.349999999997276
-156.15000000000794 -80.65000000000053
-156.15000000000794 27.199999999997274
-156.400000000008 27.049999999997272
-156.55000000000803 -80.60000000000053
-156.60000000000804 -80.60000000000053
-156.80000000000808 26.79999999999727
-157.00000000000813 -80.55000000000054
-157.05000000000814 -80.55000000000054
-157.20000000000817 26.549999999997265
-157.3500000000082 26.449999999997264
-157.45000000000823 -80.50000000000054
-157.85000000000832 -80.45000000000054
-157.90000000000833 26.09999999999726
-158.05000000000837 25.999999999997257
-158.2000000000084 25.899999999997256
-158.2500000000084 -80.40000000000055
-158.30000000000842 -80.40000000000055
-158.35000000000844 25.799999999997254
-158.50000000000847 25.699999999997253
-158.6500000000085 -80.35000000000055
-158.70000000000852 -80.35000000000055
-159.0500000000086 -80.30000000000055
-159.15000000000862 25.249999999997247
-159.45000000000869 -80.25000000000055
-159.65000000000873 24.89999999999724
-159.80000000000877 -80.20000000000056
-159.85000000000878 -80.20000000000056
-160.0000000000088 24.649999999997238
-160.20000000000886 -80.15000000000056
-160.20000000000886 24.499999999997236
-160.55000000000894 -80.10000000000056
-160.90000000000902 -80.05000000000057
-161.20000000000908 23.749999999997225
-161.2500000000091 -80.00000000000057
-161.40000000000913 23.599999999997223
-161.60000000000917 -79.95000000000057
-161.85000000000923 23.24999999999722
-161.90000000000924 -79.90000000000057
-161.95000000000925 -79.90000000000057
-162.1000000000093 23.049999999997215
-162.25000000000932 -79.85000000000058
-162.35000000000935 22.849999999997213
-162.5500000000094 -79.80000000000058
-162.6000000000094 -79.80000000000058
-162.6000000000094 22.64999999999721
-162.90000000000947 -79.75000000000058
-162.90000000000947 22.399999999997206
-163.20000000000954 -79.70000000000059
-163.20000000000954 22.149999999997203
-163.5000000000096 -79.65000000000059
-163.5000000000096 21.8999999999972
-163.80000000000967 -79.60000000000059
-163.8500000000097 21.599999999997195
-164.10000000000974 -79.5500000000006
-164.25000000000978 21.24999999999719
-164.4000000000098 -79.5000000000006
-164.65000000000987 20.899999999997185
-164.70000000000988 -79.4500000000006
-164.70000000000988 20.849999999997184
-164.95000000000994 -79.4000000000006
-165.20000000001 20.399999999997178
-165.25000000001 -79.3500000000006
-165.25000000001 20.349999999997177
-165.50000000001006 -79.30000000000061
-165.80000000001013 -79.25000000000061
-165.95000000001016 19.699999999997168
-166.00000000001017 19.649999999997167
-166.0500000000102 -79.20000000000061
-166.0500000000102 19.599999999997166
-166.1000000000102 19.549999999997166
-166.30000000001024 -79.15000000000062
-166.85000000001037 -79.05000000000062
-167.10000000001043 -79.00000000000063
-167.55000000001053 -78.90000000000063
-167.80000000001058 -78.85000000000063
-168.05000000001064 -78.80000000000064
-168.05000000001064 17.599999999997138
-168.10000000001065 17.549999999997137
-168.15000000001066 17.499999999997137
-168.20000000001068 17.449999999997136
-168.3000000000107 -78.75000000000064
-168.50000000001074 -78.70000000000064
-168.7500000000108 -78.65000000000065
-168.85000000001082 16.749999999997126
-168.90000000001083 16.699999999997125
-168.95000000001085 -78.60000000000065
-169.2000000000109 -78.55000000000065
-169.35000000001094 16.199999999997118
-169.40000000001095 -78.50000000000065
-169.40000000001095 16.149999999997117
-169.600000000011 -78.45000000000066
-169.75000000001103 15.749999999997113
-169.80000000001104 15.699999999997113
-170.0500000000111 -78.35000000000066
-170.1000000000111 15.349999999997108
-170.15000000001112 15.299999999997107
-170.25000000001114 -78.30000000000067
-170.4500000000112 -78.25000000000067
-170.4500000000112 14.949999999997102
-170.65000000001123 -78.20000000000067
-170.70000000001124 14.649999999997098
-170.85000000001128 -78.15000000000067
-170.9500000000113 14.349999999997094
-171.0000000000113 14.299999999997093
-171.05000000001132 -78.10000000000068
-171.20000000001136 14.04999999999709
-171.25000000001137 -78.05000000000068
-171.4500000000114 13.749999999997085
-171.60000000001145 -77.95000000000068
-171.65000000001146 13.499999999997081
-171.8000000000115 -77.90000000000069
-171.8500000000115 13.249999999997078
-172.00000000001154 -77.85000000000069
-172.05000000001155 12.999999999997074
-172.15000000001157 -77.8000000000007
-172.2500000000116 12.74999999999707
-172.35000000001162 -77.7500000000007
-172.60000000001168 12.299999999997064
-172.7000000000117 -77.6500000000007
-172.7500000000117 12.099999999997062
-173.05000000001178 -77.55000000000071
-173.40000000001186 -77.45000000000071
-173.5500000000119 -77.40000000000072
-173.65000000001191 10.899999999997044
-173.80000000001195 10.699999999997042
-173.90000000001197 -77.30000000000072
-174.050000000012 -77.25000000000072
-174.050000000012 10.349999999997037
-174.20000000001204 -77.20000000000073
-174.30000000001206 9.999999999997032
-174.35000000001207 -77.15000000000073
-174.55000000001212 9.649999999997027
-174.65000000001214 9.499999999997025
-175.00000000001222 8.999999999997017
-175.10000000001224 8.849999999997015
-175.20000000001227 8.699999999997013
-175.55000000001235 -76.75000000000075
-175.70000000001238 -76.70000000000076
-175.85000000001241 -76.65000000000076
-176.00000000001245 -76.60000000000076
-176.00000000001245 7.499999999997006
-176.10000000001247 7.3499999999970065
-176.2000000000125 7.199999999997007
-176.40000000001254 -76.45000000000077
-176.45000000001255 6.799999999997008
-176.55000000001257 -76.40000000000077
-176.55000000001257 6.649999999997009
-176.80000000001263 -76.30000000000078
-176.80000000001263 6.24999999999701
-176.95000000001266 -76.25000000000078
-177.0500000000127 -76.20000000000078
-177.0500000000127 5.849999999997012
-177.20000000001272 -76.15000000000079
-177.45000000001278 -76.0500000000008
-177.45000000001278 5.199999999997014
-177.6000000000128 4.949999999997015
-177.70000000001284 -75.9500000000008
-177.75000000001285 4.699999999997016
-177.80000000001286 -75.9000000000008
-177.90000000001288 4.449999999997017
-177.9500000000129 -75.8500000000008
-178.05000000001291 -75.80000000000081
-178.10000000001293 4.099999999997018
-178.25000000001296 3.849999999997019
-178.30000000001297 -75.70000000000081
-178.400000000013 -75.65000000000082
-178.450000000013 3.49999999999702
-178.65000000001305 -75.55000000000082
-178.65000000001305 3.1499999999970214
-178.75000000001307 -75.50000000000082
-178.8500000000131 -75.45000000000083
-178.8500000000131 2.7999999999970226
-179.10000000001315 -75.35000000000083
-179.10000000001315 2.3499999999970242
-179.20000000001318 -75.30000000000084
-179.3000000000132 -75.25000000000084
-179.3500000000132 1.8999999999970252
-179.40000000001322 -75.20000000000084
-179.40000000001322 1.799999999997025
-179.65000000001328 1.3499999999970247
-179.7000000000133 1.2499999999970246
