-25.550000000003205 -45.1499999999929
-25.500000000003205 -45.1499999999929
-25.450000000003204 -45.1499999999929
-25.400000000003203 -45.1499999999929
-25.350000000003202 -45.1499999999929
-25.3000000000032 -45.1499999999929
-25.2500000000032 -45.1499999999929
-25.2000000000032 -45.1499999999929
-22.850000000003167 -45.1499999999929
-22.800000000003166 -45.1499999999929
-22.750000000003165 -45.1499999999929
-22.700000000003165 -45.1499999999929
-22.650000000003164 -45.1499999999929
-22.600000000003163 -45.1499999999929
-22.550000000003163 -45.1499999999929
-22.500000000003162 -45.1499999999929
-26.900000000003224 -45.0999999999929
-26.850000000003224 -45.0999999999929
-26.800000000003223 -45.0999999999929
-21.200000000003143 -45.0999999999929
-21.150000000003143 -45.0999999999929
-21.100000000003142 -45.0999999999929
-27.800000000003237 -45.049999999992906
-27.750000000003237 -45.049999999992906
-20.25000000000313 -45.049999999992906
-20.20000000000313 -45.049999999992906
-20.15000000000313 -45.049999999992906
-28.500000000003247 -44.99999999999291
-28.450000000003246 -44.99999999999291
-19.45000000000312 -44.99999999999291
-19.400000000003118 -44.99999999999291
-29.150000000003256 -44.94999999999291
-29.100000000003256 -44.94999999999291
-18.75000000000311 -44.94999999999291
-29.650000000003264 -44.899999999992914
-18.2000000000031 -44.899999999992914
-18.1500000000031 -44.899999999992914
-30.15000000000327 -44.84999999999292
-17.650000000003093 -44.84999999999292
-17.600000000003092 -44.84999999999292
-30.600000000003277 -44.79999999999292
-17.150000000003086 -44.79999999999292
-17.100000000003085 -44.79999999999292
-31.000000000003283 -44.74999999999292
-16.65000000000308 -44.74999999999292
-31.40000000000329 -44.699999999992926
-16.200000000003072 -44.699999999992926
-31.800000000003294 -44.64999999999293
-31.750000000003293 -44.64999999999293
-15.800000000003067 -44.64999999999293
-32.15000000000329 -44.59999999999293
-32.10000000000329 -44.59999999999293
-15.400000000003061 -44.59999999999293
-32.45000000000327 -44.549999999992934
-15.000000000003055 -44.549999999992934
-32.80000000000325 -44.49999999999294
-14.65000000000305 -44.49999999999294
-33.100000000003234 -44.44999999999294
-14.300000000003045 -44.44999999999294
-33.40000000000322 -44.39999999999294
-13.95000000000304 -44.39999999999294
-33.6500000000032 -44.349999999992946
-13.600000000003035 -44.349999999992946
-33.950000000003186 -44.29999999999295
-13.300000000003031 -44.29999999999295
-34.20000000000317 -44.24999999999295
-13.000000000003027 -44.24999999999295
-34.45000000000316 -44.199999999992954
-12.700000000003023 -44.199999999992954
-34.70000000000314 -44.14999999999296
-12.400000000003018 -44.14999999999296
-34.95000000000313 -44.09999999999296
-12.100000000003014 -44.09999999999296
-35.200000000003115 -44.04999999999296
-11.80000000000301 -44.04999999999296
-35.400000000003104 -43.999999999992966
-11.550000000003006 -43.999999999992966
-35.65000000000309 -43.94999999999297
-35.85000000000308 -43.89999999999297
-11.000000000002998 -43.89999999999297
-10.750000000002995 -43.849999999992974
-36.30000000000305 -43.79999999999298
-10.500000000002991 -43.79999999999298
-36.50000000000304 -43.74999999999298
-10.250000000002988 -43.74999999999298
-36.70000000000303 -43.69999999999298
-10.000000000002984 -43.69999999999298
-36.90000000000302 -43.649999999992986
-9.75000000000298 -43.649999999992986
-9.300000000002974 -43.54999999999299
-37.45000000000299 -43.499999999992994
-9.05000000000297 -43.499999999992994
-37.650000000002976 -43.449999999993
-37.80000000000297 -43.399999999993
-8.600000000002964 -43.399999999993
-38.000000000002956 -43.349999999993
-8.400000000002962 -43.349999999993
-38.15000000000295 -43.299999999993005
-38.350000000002936 -43.24999999999301
-7.950000000002956 -43.24999999999301
-38.50000000000293 -43.19999999999301
-7.750000000002957 -43.19999999999301
-38.65000000000292 -43.149999999993014
-7.5500000000029575 -43.149999999993014
-39.0000000000029 -43.04999999999302
-39.15000000000289 -42.99999999999302
-39.30000000000288 -42.949999999993025
-39.45000000000287 -42.89999999999303
-39.600000000002865 -42.84999999999303
-6.350000000002962 -42.84999999999303
-39.750000000002856 -42.799999999993034
-6.150000000002962 -42.799999999993034
-39.90000000000285 -42.74999999999304
-5.950000000002963 -42.74999999999304
-40.05000000000284 -42.69999999999304
-5.400000000002965 -42.599999999993045
-40.60000000000281 -42.49999999999305
-40.7500000000028 -42.449999999993054
-4.850000000002967 -42.449999999993054
-41.000000000002785 -42.34999999999306
-4.500000000002968 -42.34999999999306
-4.1500000000029695 -42.249999999993065
-41.40000000000276 -42.19999999999307
-4.00000000000297 -42.19999999999307
-41.65000000000275 -42.099999999993074
-3.6500000000029713 -42.099999999993074
-3.500000000002972 -42.04999999999308
-41.900000000002734 -41.99999999999308
-42.00000000000273 -41.94999999999308
-3.0000000000029736 -41.899999999993085
-42.250000000002714 -41.84999999999309
-2.850000000002974 -41.84999999999309
-42.600000000002694 -41.699999999993096
-2.050000000002977 -41.5999999999931
-42.950000000002674 -41.549999999993105
-1.900000000002977 -41.549999999993105
-43.05000000000267 -41.49999999999311
-1.750000000002977 -41.49999999999311
-43.15000000000266 -41.44999999999311
-1.6000000000029768 -41.44999999999311
-1.4500000000029767 -41.39999999999311
-1.3000000000029766 -41.349999999993116
-43.70000000000263 -41.199999999993125
-43.800000000002626 -41.14999999999313
-43.90000000000262 -41.09999999999313
-44.000000000002615 -41.04999999999313
-0.45000000000297585 -41.04999999999313
-44.10000000000261 -40.999999999993136
-0.3000000000029759 -40.999999999993136
-44.2000000000026 -40.94999999999314
-44.3000000000026 -40.89999999999314
-44.40000000000259 -40.849999999993145
-44.500000000002586 -40.79999999999315
0.2499999999970241 -40.79999999999315
-44.60000000000258 -40.74999999999315
-44.700000000002575 -40.69999999999315
0.6499999999970242 -40.649999999993156
0.7999999999970243 -40.59999999999316
1.0499999999970244 -40.499999999993165
-45.250000000002544 -40.39999999999317
-45.35000000000254 -40.34999999999317
1.4499999999970248 -40.34999999999317
1.699999999997025 -40.24999999999318
-45.70000000000252 -40.149999999993184
1.9499999999970252 -40.149999999993184
2.199999999997025 -40.04999999999319
-46.0500000000025 -39.949999999993196
2.449999999997024 -39.949999999993196
2.699999999997023 -39.8499999999932
-46.300000000002484 -39.799999999993204
3.0499999999970218 -39.69999999999321
-46.55000000000247 -39.64999999999321
3.299999999997021 -39.599999999993216
-46.800000000002456 -39.49999999999322
3.6499999999970196 -39.449999999993224
-46.95000000000245 -39.39999999999323
3.9999999999970184 -39.29999999999323
4.099999999997018 -39.249999999993236
-47.350000000002424 -39.14999999999324
4.449999999997017 -39.099999999993244
-47.500000000002416 -39.04999999999325
-47.65000000000241 -38.94999999999325
4.899999999997015 -38.899999999993256
-47.8000000000024 -38.84999999999326
4.999999999997015 -38.84999999999326
-48.15000000000238 -38.59999999999327
5.549999999997013 -38.59999999999327
5.6499999999970125 -38.549999999993275
-48.30000000000237 -38.49999999999328
5.749999999997012 -38.49999999999328
-48.50000000000236 -38.34999999999329
-48.65000000000235 -38.24999999999329
-48.85000000000234 -38.0999999999933
-49.05000000000233 -37.94999999999331
-49.250000000002316 -37.79999999999332
-49.5000000000023 -37.59999999999333
-49.70000000000229 -37.44999999999334
-49.75000000000229 -37.39999999999334
8.149999999997005 -37.29999999999335
-49.95000000000228 -37.24999999999335
8.249999999997007 -37.24999999999335
-50.000000000002274 -37.19999999999335
-50.25000000000226 -36.99999999999336
-50.30000000000226 -36.949999999993366
8.799999999997015 -36.949999999993366
8.899999999997016 -36.89999999999337
-50.60000000000224 -36.69999999999338
-50.65000000000224 -36.64999999999338
9.349999999997022 -36.64999999999338
9.699999999997027 -36.449999999993395
9.799999999997029 -36.3999999999934
-51.00000000000222 -36.3499999999934
-51.050000000002214 -36.2999999999934
-51.10000000000221 -36.249999999993406
10.049999999997032 -36.249999999993406
10.149999999997034 -36.19999999999341
10.399999999997037 -36.04999999999342
10.649999999997041 -35.899999999993426
-51.60000000000218 -35.79999999999343
-51.65000000000218 -35.749999999993435
10.899999999997044 -35.749999999993435
-51.70000000000218 -35.69999999999344
-51.750000000002174 -35.64999999999344
-51.80000000000217 -35.59999999999344
11.149999999997048 -35.59999999999344
-51.85000000000217 -35.549999999993446
11.399999999997052 -35.44999999999345
11.649999999997055 -35.29999999999346
11.799999999997057 -35.199999999993466
12.04999999999706 -35.049999999993474
12.199999999997063 -34.94999999999348
-52.55000000000213 -34.849999999993486
-52.600000000002126 -34.79999999999349
-52.65000000000212 -34.74999999999349
-52.70000000000212 -34.699999999993494
-52.75000000000212 -34.6499999999935
-52.800000000002115 -34.5999999999935
12.74999999999707 -34.5999999999935
-52.85000000000211 -34.5499999999935
12.899999999997073 -34.499999999993506
13.049999999997075 -34.39999999999351
13.199999999997077 -34.29999999999352
13.34999999999708 -34.19999999999352
13.499999999997081 -34.09999999999353
-53.300000000002086 -34.04999999999353
-53.35000000000208 -33.999999999993534
-53.40000000000208 -33.94999999999354
13.999999999997089 -33.74999999999355
14.14999999999709 -33.649999999993554
-53.70000000000206 -33.59999999999356
-53.75000000000206 -33.54999999999356
14.499999999997096 -33.39999999999357
-54.000000000002046 -33.24999999999358
-54.05000000000204 -33.19999999999358
14.8499999999971 -33.14999999999358
-54.25000000000203 -32.949999999993594
-54.30000000000203 -32.8999999999936
15.399999999997108 -32.749999999993605
-54.50000000000202 -32.64999999999361
15.599999999997111 -32.599999999993614
15.799999999997114 -32.44999999999362
-54.70000000000201 -32.399999999993625
-54.850000000002 -32.199999999993636
-54.900000000001995 -32.14999999999364
16.24999999999712 -32.09999999999364
-55.05000000000199 -31.949999999993643
-55.20000000000198 -31.74999999999364
16.699999999997125 -31.74999999999364
-55.35000000000197 -31.549999999993638
16.94999999999713 -31.549999999993638
-55.50000000000196 -31.349999999993635
17.249999999997133 -31.299999999993634
-55.600000000001955 -31.199999999993633
17.499999999997137 -31.09999999999363
-55.75000000000195 -30.99999999999363
-55.85000000000194 -30.849999999993628
17.79999999999714 -30.849999999993628
-55.950000000001936 -30.699999999993626
18.149999999997146 -30.549999999993624
-56.20000000000192 -30.34999999999362
18.49999999999715 -30.24999999999362
-56.300000000001916 -30.19999999999362
18.54999999999715 -30.19999999999362
-56.40000000000191 -30.049999999993616
18.949999999997157 -29.849999999993614
18.999999999997158 -29.799999999993613
-56.75000000000189 -29.49999999999361
19.449999999997164 -29.399999999993607
-56.850000000001884 -29.349999999993607
19.499999999997165 -29.349999999993607
19.549999999997166 -29.299999999993606
-57.000000000001876 -29.099999999993603
-57.15000000000187 -28.8499999999936
-57.25000000000186 -28.699999999993597
-57.30000000000186 -28.599999999993596
20.349999999997177 -28.549999999993595
20.399999999997178 -28.499999999993594
20.44999999999718 -28.449999999993594
20.49999999999718 -28.399999999993593
-57.45000000000185 -28.349999999993592
20.54999999999718 -28.349999999993592
20.59999999999718 -28.29999999999359
20.64999999999718 -28.24999999999359
20.699999999997182 -28.19999999999359
20.749999999997183 -28.14999999999359
-57.60000000000184 -28.09999999999359
20.799999999997183 -28.09999999999359
20.849999999997184 -28.049999999993588
20.899999999997185 -27.999999999993587
20.949999999997186 -27.949999999993587
20.999999999997186 -27.899999999993586
21.049999999997187 -27.849999999993585
21.099999999997188 -27.799999999993585
-57.80000000000183 -27.749999999993584
21.14999999999719 -27.749999999993584
21.19999999999719 -27.699999999993583
-57.85000000000183 -27.649999999993582
21.24999999999719 -27.649999999993582
21.29999999999719 -27.59999999999358
21.34999999999719 -27.54999999999358
21.399999999997192 -27.49999999999358
-58.050000000001816 -27.299999999993577
-58.10000000000181 -27.199999999993576
-58.15000000000181 -27.099999999993575
22.149999999997203 -26.69999999999357
22.199999999997203 -26.649999999993568
22.249999999997204 -26.599999999993567
-58.45000000000179 -26.549999999993567
-58.50000000000179 -26.449999999993565
-58.55000000000179 -26.349999999993564
-58.600000000001785 -26.249999999993562
-58.65000000000178 -26.14999999999356
22.64999999999721 -26.14999999999356
22.69999999999721 -26.09999999999356
-58.70000000000178 -26.04999999999356
-58.750000000001776 -25.949999999993558
-58.80000000000177 -25.849999999993557
-58.85000000000177 -25.749999999993555
23.049999999997215 -25.699999999993555
-58.90000000000177 -25.649999999993554
23.099999999997216 -25.649999999993554
-58.950000000001765 -25.549999999993553
-59.00000000000176 -25.44999999999355
-59.05000000000176 -25.34999999999355
23.39999999999722 -25.29999999999355
23.649999999997224 -24.999999999993545
-59.300000000001745 -24.799999999993542
-59.35000000000174 -24.69999999999354
23.899999999997227 -24.69999999999354
-59.40000000000174 -24.59999999999354
24.14999999999723 -24.399999999993536
-59.55000000000173 -24.249999999993534
-59.60000000000173 -24.149999999993533
24.349999999997234 -24.149999999993533
24.549999999997237 -23.89999999999353
-59.75000000000172 -23.799999999993528
-59.80000000000172 -23.699999999993526
-59.90000000000171 -23.449999999993523
24.89999999999724 -23.449999999993523
-59.95000000000171 -23.34999999999352
25.049999999997244 -23.24999999999352
-60.0500000000017 -23.099999999993518
25.199999999997246 -23.049999999993517
-60.1500000000017 -22.849999999993514
25.349999999997248 -22.849999999993514
25.49999999999725 -22.64999999999351
-60.30000000000169 -22.49999999999351
25.649999999997252 -22.44999999999351
-60.40000000000168 -22.249999999993506
-60.45000000000168 -22.099999999993504
25.899999999997256 -22.099999999993504
-60.550000000001674 -21.8499999999935
26.14999999999726 -21.7499999999935
-60.65000000000167 -21.599999999993496
26.24999999999726 -21.599999999993496
-60.700000000001666 -21.449999999993494
26.349999999997262 -21.449999999993494
-60.80000000000166 -21.19999999999349
-60.85000000000166 -21.04999999999349
-61.00000000000165 -20.649999999993483
-61.050000000001646 -20.49999999999348
-61.10000000000164 -20.34999999999348
27.149999999997274 -20.249999999993477
27.249999999997275 -20.099999999993475
27.49999999999728 -19.69999999999347
27.749999999997282 -19.299999999993464
27.899999999997284 -19.04999999999346
28.049999999997286 -18.799999999993457
-61.65000000000161 -18.699999999993455
-61.70000000000161 -18.549999999993453
28.24999999999729 -18.44999999999345
-61.750000000001606 -18.39999999999345
28.39999999999729 -18.199999999993448
28.449999999997292 -18.099999999993447
-61.9000000000016 -17.899999999993444
-61.950000000001594 -17.74999999999344
28.649999999997295 -17.74999999999344
-62.05000000000159 -17.399999999993437
28.8999999999973 -17.299999999993435
28.9499999999973 -17.199999999993434
-62.15000000000158 -17.04999999999343
-62.25000000000158 -16.699999999993427
29.299999999997304 -16.549999999993425
29.349999999997305 -16.449999999993423
-62.35000000000157 -16.349999999993422
29.399999999997306 -16.349999999993422
29.449999999997306 -16.24999999999342
-62.40000000000157 -16.14999999999342
29.499999999997307 -16.14999999999342
29.549999999997308 -16.049999999993418
29.74999999999731 -15.649999999993412
-62.55000000000156 -15.599999999993411
29.79999999999731 -15.54999999999341
29.849999999997312 -15.449999999993409
-62.60000000000156 -15.399999999993408
29.899999999997313 -15.349999999993408
29.949999999997313 -15.249999999993406
-62.650000000001555 -15.199999999993405
29.999999999997314 -15.149999999993405
-62.70000000000155 -14.999999999993403
-62.75000000000155 -14.7999999999934
-62.800000000001546 -14.599999999993397
30.29999999999732 -14.499999999993396
-62.85000000000154 -14.399999999993394
30.34999999999732 -14.399999999993394
-62.90000000000154 -14.199999999993391
30.549999999997322 -13.949999999993388
30.599999999997323 -13.849999999993386
-63.000000000001535 -13.749999999993385
-63.05000000000153 -13.549999999993382
30.749999999997325 -13.499999999993381
-63.10000000000153 -13.34999999999338
30.899999999997327 -13.149999999993376
-63.150000000001526 -13.099999999993376
-63.20000000000152 -12.899999999993373
31.04999999999733 -12.799999999993371
-63.25000000000152 -12.64999999999337
31.14999999999733 -12.549999999993368
31.249999999997332 -12.299999999993364
-63.350000000001515 -12.199999999993363
31.349999999997333 -12.04999999999336
-63.40000000000151 -11.94999999999336
31.449999999997335 -11.799999999993357
-63.45000000000151 -11.699999999993356
31.549999999997336 -11.549999999993354
-63.500000000001506 -11.449999999993352
-63.5500000000015 -11.199999999993349
31.69999999999734 -11.149999999993348
-63.6000000000015 -10.949999999993345
31.84999999999734 -10.749999999993342
-63.6500000000015 -10.699999999993342
31.89999999999734 -10.59999999999334
-63.700000000001495 -10.399999999993337
-63.75000000000149 -10.149999999993334
32.149999999997334 -9.89999999999333
-63.80000000000149 -9.84999999999333
32.19999999999733 -9.749999999993328
-63.85000000000149 -9.599999999993326
32.24999999999733 -9.599999999993326
32.299999999997326 -9.449999999993324
-63.900000000001484 -9.299999999993322
32.34999999999732 -9.299999999993322
32.39999999999732 -9.14999999999332
-63.95000000000148 -8.999999999993317
32.44999999999732 -8.999999999993317
-64.00000000000148 -8.699999999993313
-64.05000000000148 -8.399999999993309
32.649999999997306 -8.349999999993308
32.6999999999973 -8.199999999993306
-64.10000000000147 -8.099999999993305
32.7999999999973 -7.8499999999933046
-64.15000000000147 -7.749999999993305
32.849999999997294 -7.699999999993305
-64.20000000000147 -7.399999999993306
32.94999999999729 -7.349999999993306
-64.25000000000146 -7.099999999993307
33.04999999999728 -6.999999999993308
33.09999999999728 -6.799999999993308
-64.30000000000146 -6.7499999999933085
33.199999999997274 -6.4499999999933095
-64.35000000000146 -6.39999999999331
-64.35000000000146 -6.34999999999331
33.24999999999727 -6.24999999999331
33.29999999999727 -6.049999999993311
-64.40000000000146 -5.999999999993311
33.349999999997266 -5.849999999993312
33.39999999999726 -5.649999999993312
-64.45000000000145 -5.5999999999933125
33.44999999999726 -5.449999999993313
-64.50000000000145 -5.249999999993314
33.49999999999726 -5.249999999993314
-64.50000000000145 -5.199999999993314
33.549999999997254 -5.0499999999933145
-64.55000000000145 -4.799999999993315
33.64999999999725 -4.599999999993316
-64.60000000000144 -4.399999999993317
33.699999999997246 -4.399999999993317
33.74999999999724 -4.149999999993318
-64.65000000000144 -3.9499999999933184
33.79999999999724 -3.9499999999933184
33.84999999999724 -3.6999999999933193
-64.70000000000144 -3.49999999999332
-64.70000000000144 -3.44999999999332
33.899999999997235 -3.44999999999332
33.94999999999723 -3.199999999993321
-64.75000000000144 -2.999999999993322
33.99999999999723 -2.949999999993322
34.049999999997226 -2.699999999993323
-64.80000000000143 -2.4999999999933236
-64.80000000000143 -2.4499999999933237
34.14999999999722 -2.149999999993325
-64.85000000000143 -1.949999999993325
-64.85000000000143 -1.899999999993325
34.19999999999722 -1.849999999993325
34.249999999997215 -1.5499999999933247
-64.90000000000143 -1.3999999999933246
-64.90000000000143 -1.3499999999933245
34.29999999999721 -1.2499999999933245
34.34999999999721 -0.9499999999933242
-64.95000000000142 -0.749999999993324
-64.95000000000142 -0.699999999993324
34.399999999997206 -0.5999999999933239
34.4499999999972 -0.2999999999933239
-65.00000000000142 -0.09999999999332392
-65.00000000000142 -0.04999999999332391
34.4999999999972 0.1000000000066761
34.5499999999972 0.45000000000667606
-65.05000000000142 0.6500000000066762
-65.05000000000142 0.7000000000066763
34.599999999997195 0.8500000000066764
34.64999999999719 1.3000000000066767
-65.10000000000142 1.4500000000066768
-65.10000000000142 1.5000000000066769
-65.10000000000142 1.550000000006677
34.69999999999719 1.750000000006677
34.749999999997186 2.2500000000066764
-65.15000000000141 2.4500000000066757
-65.15000000000141 2.5000000000066755
-65.15000000000141 2.5500000000066754
34.79999999999718 2.8000000000066745
34.84999999999718 3.4000000000066724
34.84999999999718 3.450000000006672
-65.20000000000141 3.6500000000066715
-65.20000000000141 3.7000000000066713
-65.20000000000141 3.750000000006671
-65.20000000000141 3.800000000006671
34.89999999999718 4.15000000000667
34.89999999999718 4.2000000000066695
34.949999999997175 5.100000000006666
34.949999999997175 5.150000000006666
34.949999999997175 5.200000000006666
34.949999999997175 5.250000000006666
-65.2500000000014 5.450000000006665
-65.2500000000014 5.500000000006665
-65.2500000000014 5.550000000006665
-65.2500000000014 5.6000000000066645
-65.2500000000014 5.650000000006664
-65.2500000000014 5.700000000006664
-65.2500000000014 5.750000000006664
-65.2500000000014 5.800000000006664
-65.2500000000014 5.850000000006664
34.99999999999717 6.95000000000666
34.99999999999717 7.00000000000666
34.99999999999717 7.050000000006659
34.99999999999717 7.100000000006659
34.99999999999717 7.150000000006659
34.99999999999717 7.200000000006659
34.99999999999717 7.250000000006659
34.99999999999717 7.3000000000066585
34.99999999999717 7.350000000006658
34.99999999999717 7.400000000006658
34.99999999999717 7.450000000006658
34.99999999999717 7.500000000006658
34.99999999999717 7.550000000006658
34.99999999999717 7.600000000006657
34.99999999999717 7.650000000006657
34.99999999999717 7.700000000006657
34.99999999999717 7.750000000006657
34.99999999999717 7.800000000006657
34.99999999999717 7.8500000000066565
34.99999999999717 7.900000000006656
34.99999999999717 7.950000000006656
34.99999999999717 8.000000000006656
34.99999999999717 8.050000000006657
-65.2500000000014 9.150000000006672
-65.2500000000014 9.200000000006673
-65.2500000000014 9.250000000006674
-65.2500000000014 9.300000000006674
-65.2500000000014 9.350000000006675
-65.2500000000014 9.400000000006676
-65.2500000000014 9.450000000006677
-65.2500000000014 9.500000000006677
-65.2500000000014 9.550000000006678
34.949999999997175 9.75000000000668
34.949999999997175 9.800000000006682
34.949999999997175 9.850000000006682
34.949999999997175 9.900000000006683
34.89999999999718 10.800000000006696
34.89999999999718 10.850000000006697
-65.20000000000141 11.200000000006701
-65.20000000000141 11.250000000006702
-65.20000000000141 11.300000000006703
-65.20000000000141 11.350000000006704
34.84999999999718 11.550000000006706
34.84999999999718 11.600000000006707
34.79999999999718 12.200000000006716
-65.15000000000141 12.45000000000672
-65.15000000000141 12.50000000000672
-65.15000000000141 12.55000000000672
34.749999999997186 12.750000000006724
34.69999999999719 13.25000000000673
-65.10000000000142 13.450000000006733
-65.10000000000142 13.500000000006734
-65.10000000000142 13.550000000006735
34.64999999999719 13.700000000006737
34.599999999997195 14.150000000006743
-65.05000000000142 14.300000000006746
-65.05000000000142 14.350000000006746
34.5499999999972 14.550000000006749
34.4999999999972 14.900000000006754
-65.00000000000142 15.050000000006756
-65.00000000000142 15.100000000006757
34.4499999999972 15.30000000000676
34.399999999997206 15.600000000006764
-64.95000000000142 15.700000000006765
-64.95000000000142 15.750000000006766
34.34999999999721 15.950000000006769
34.29999999999721 16.25000000000677
-64.90000000000143 16.350000000006773
-64.90000000000143 16.400000000006774
34.249999999997215 16.550000000006776
34.19999999999722 16.85000000000678
-64.85000000000143 16.90000000000678
-64.85000000000143 16.95000000000678
34.14999999999722 17.150000000006784
-64.80000000000143 17.45000000000679
-64.80000000000143 17.50000000000679
34.049999999997226 17.700000000006792
33.99999999999723 17.950000000006796
-64.75000000000144 18.000000000006796
33.94999999999723 18.2000000000068
-64.70000000000144 18.450000000006803
33.899999999997235 18.450000000006803
-64.70000000000144 18.500000000006803
33.84999999999724 18.700000000006806
-64.65000000000144 18.95000000000681
33.79999999999724 18.95000000000681
33.74999999999724 19.150000000006813
-64.60000000000144 19.400000000006816
33.699999999997246 19.400000000006816
33.64999999999725 19.60000000000682
-64.55000000000145 19.800000000006822
33.549999999997254 20.050000000006825
-64.50000000000145 20.200000000006828
-64.50000000000145 20.25000000000683
33.49999999999726 20.25000000000683
33.44999999999726 20.45000000000683
-64.45000000000145 20.600000000006833
33.39999999999726 20.650000000006834
33.349999999997266 20.850000000006837
-64.40000000000146 21.00000000000684
33.29999999999727 21.05000000000684
33.24999999999727 21.250000000006843
-64.35000000000146 21.350000000006844
-64.35000000000146 21.400000000006845
33.199999999997274 21.450000000006845
-64.30000000000146 21.75000000000685
33.09999999999728 21.80000000000685
33.04999999999728 22.000000000006853
-64.25000000000146 22.100000000006855
32.94999999999729 22.350000000006858
-64.20000000000147 22.40000000000686
32.849999999997294 22.700000000006863
-64.15000000000147 22.750000000006864
32.7999999999973 22.850000000006865
-64.10000000000147 23.10000000000687
32.6999999999973 23.20000000000687
32.649999999997306 23.350000000006872
-64.05000000000148 23.400000000006873
-64.00000000000148 23.700000000006877
-63.95000000000148 24.00000000000688
32.44999999999732 24.00000000000688
32.39999999999732 24.150000000006884
-63.900000000001484 24.300000000006886
32.34999999999732 24.300000000006886
32.299999999997326 24.450000000006888
-63.85000000000149 24.60000000000689
32.24999999999733 24.60000000000689
32.19999999999733 24.750000000006892
-63.80000000000149 24.850000000006894
32.149999999997334 24.900000000006894
-63.75000000000149 25.150000000006898
-63.700000000001495 25.4000000000069
31.89999999999734 25.600000000006904
-63.6500000000015 25.700000000006906
31.84999999999734 25.750000000006906
-63.6000000000015 25.95000000000691
31.69999999999734 26.150000000006912
-63.5500000000015 26.200000000006913
-63.500000000001506 26.450000000006916
31.549999999997336 26.550000000006918
-63.45000000000151 26.70000000000692
31.449999999997335 26.80000000000692
-63.40000000000151 26.950000000006924
31.349999999997333 27.050000000006925
-63.350000000001515 27.200000000006927
31.249999999997332 27.30000000000693
31.14999999999733 27.550000000006932
-63.25000000000152 27.650000000006933
31.04999999999733 27.800000000006936
-63.20000000000152 27.900000000006937
-63.150000000001526 28.10000000000694
30.899999999997327 28.15000000000694
-63.10000000000153 28.350000000006943
30.749999999997325 28.500000000006946
-63.05000000000153 28.550000000006946
-63.000000000001535 28.75000000000695
30.599999999997323 28.85000000000695
30.549999999997322 28.950000000006952
-62.90000000000154 29.200000000006956
-62.85000000000154 29.40000000000696
30.34999999999732 29.40000000000696
30.29999999999732 29.50000000000696
-62.800000000001546 29.60000000000696
-62.75000000000155 29.800000000006964
-62.70000000000155 30.000000000006967
29.999999999997314 30.15000000000697
-62.650000000001555 30.20000000000697
29.949999999997313 30.25000000000697
29.899999999997313 30.350000000006972
-62.60000000000156 30.400000000006973
29.849999999997312 30.450000000006973
29.79999999999731 30.550000000006975
-62.55000000000156 30.600000000006975
29.74999999999731 30.650000000006976
29.549999999997308 31.050000000006982
-62.40000000000157 31.150000000006983
29.499999999997307 31.150000000006983
29.449999999997306 31.250000000006985
-62.35000000000157 31.350000000006986
29.399999999997306 31.350000000006986
29.349999999997305 31.450000000006987
29.299999999997304 31.55000000000699
-62.25000000000158 31.70000000000699
-62.15000000000158 32.05000000000699
28.9499999999973 32.20000000000698
28.8999999999973 32.300000000006975
-62.05000000000159 32.40000000000697
-61.950000000001594 32.75000000000695
28.649999999997295 32.75000000000695
-61.9000000000016 32.90000000000694
28.449999999997292 33.10000000000693
28.39999999999729 33.20000000000692
-61.750000000001606 33.40000000000691
28.24999999999729 33.45000000000691
-61.70000000000161 33.550000000006904
-61.65000000000161 33.700000000006895
28.049999999997286 33.80000000000689
27.899999999997284 34.050000000006875
27.749999999997282 34.30000000000686
27.49999999999728 34.70000000000684
27.249999999997275 35.100000000006816
27.149999999997274 35.25000000000681
-61.10000000000164 35.3500000000068
-61.050000000001646 35.50000000000679
-61.00000000000165 35.650000000006784
-60.85000000000166 36.05000000000676
-60.80000000000166 36.20000000000675
-60.700000000001666 36.45000000000674
26.349999999997262 36.45000000000674
-60.65000000000167 36.60000000000673
26.24999999999726 36.60000000000673
26.14999999999726 36.75000000000672
-60.550000000001674 36.850000000006716
-60.45000000000168 37.1000000000067
25.899999999997256 37.1000000000067
-60.40000000000168 37.25000000000669
25.649999999997252 37.45000000000668
-60.30000000000169 37.50000000000668
25.49999999999725 37.65000000000667
-60.1500000000017 37.85000000000666
25.349999999997248 37.85000000000666
25.199999999997246 38.05000000000665
-60.0500000000017 38.100000000006645
25.049999999997244 38.25000000000664
-59.95000000000171 38.35000000000663
-59.90000000000171 38.450000000006625
24.89999999999724 38.450000000006625
-59.80000000000172 38.70000000000661
-59.75000000000172 38.800000000006605
24.549999999997237 38.9000000000066
-59.60000000000173 39.150000000006585
24.349999999997234 39.150000000006585
-59.55000000000173 39.25000000000658
24.14999999999723 39.40000000000657
-59.40000000000174 39.60000000000656
-59.35000000000174 39.700000000006554
23.899999999997227 39.700000000006554
-59.300000000001745 39.80000000000655
23.649999999997224 40.00000000000654
23.39999999999722 40.30000000000652
-59.05000000000176 40.35000000000652
-59.00000000000176 40.45000000000651
-58.950000000001765 40.550000000006506
-58.90000000000177 40.6500000000065
23.099999999997216 40.6500000000065
23.049999999997215 40.7000000000065
-58.85000000000177 40.750000000006494
-58.80000000000177 40.85000000000649
-58.750000000001776 40.95000000000648
-58.70000000000178 41.05000000000648
22.69999999999721 41.100000000006474
-58.65000000000178 41.15000000000647
22.64999999999721 41.15000000000647
-58.600000000001785 41.250000000006466
-58.55000000000179 41.35000000000646
-58.50000000000179 41.450000000006455
-58.45000000000179 41.55000000000645
22.249999999997204 41.600000000006446
22.199999999997203 41.65000000000644
22.149999999997203 41.70000000000644
-58.15000000000181 42.10000000000642
-58.10000000000181 42.20000000000641
-58.050000000001816 42.300000000006406
21.399999999997192 42.500000000006395
21.34999999999719 42.55000000000639
21.29999999999719 42.60000000000639
-57.85000000000183 42.650000000006386
21.24999999999719 42.650000000006386
21.19999999999719 42.70000000000638
-57.80000000000183 42.75000000000638
21.14999999999719 42.75000000000638
21.099999999997188 42.80000000000638
21.049999999997187 42.850000000006375
20.999999999997186 42.90000000000637
20.949999999997186 42.95000000000637
20.899999999997185 43.00000000000637
20.849999999997184 43.050000000006364
-57.60000000000184 43.10000000000636
20.799999999997183 43.10000000000636
20.749999999997183 43.15000000000636
20.699999999997182 43.200000000006355
20.64999999999718 43.25000000000635
20.59999999999718 43.30000000000635
-57.45000000000185 43.35000000000635
20.54999999999718 43.35000000000635
20.49999999999718 43.400000000006344
20.44999999999718 43.45000000000634
20.399999999997178 43.50000000000634
20.349999999997177 43.550000000006335
-57.30000000000186 43.60000000000633
-57.25000000000186 43.70000000000633
-57.15000000000187 43.85000000000632
-57.000000000001876 44.100000000006304
19.549999999997166 44.30000000000629
-56.850000000001884 44.35000000000629
19.499999999997165 44.35000000000629
19.449999999997164 44.40000000000629
-56.75000000000189 44.50000000000628
18.999999999997158 44.800000000006264
18.949999999997157 44.85000000000626
-56.40000000000191 45.05000000000625
-56.300000000001916 45.20000000000624
18.54999999999715 45.20000000000624
18.49999999999715 45.25000000000624
-56.20000000000192 45.35000000000623
18.149999999997146 45.55000000000622
-55.950000000001936 45.70000000000621
-55.85000000000194 45.850000000006204
17.79999999999714 45.850000000006204
-55.75000000000195 46.000000000006196
17.499999999997137 46.10000000000619
-55.600000000001955 46.200000000006185
17.249999999997133 46.30000000000618
-55.50000000000196 46.350000000006176
-55.35000000000197 46.550000000006165
16.94999999999713 46.550000000006165
-55.20000000000198 46.75000000000615
16.699999999997125 46.75000000000615
-55.05000000000199 46.95000000000614
16.24999999999712 47.10000000000613
-54.900000000001995 47.15000000000613
-54.850000000002 47.20000000000613
-54.70000000000201 47.400000000006116
15.799999999997114 47.45000000000611
15.599999999997111 47.600000000006105
-54.50000000000202 47.6500000000061
15.399999999997108 47.7500000000061
-54.30000000000203 47.90000000000609
-54.25000000000203 47.950000000006085
14.8499999999971 48.150000000006074
-54.05000000000204 48.20000000000607
-54.000000000002046 48.25000000000607
14.499999999997096 48.40000000000606
-53.75000000000206 48.55000000000605
-53.70000000000206 48.60000000000605
14.14999999999709 48.650000000006045
13.999999999997089 48.75000000000604
-53.40000000000208 48.95000000000603
-53.35000000000208 49.000000000006025
-53.300000000002086 49.05000000000602
13.499999999997081 49.10000000000602
13.34999999999708 49.200000000006014
13.199999999997077 49.30000000000601
13.049999999997075 49.400000000006
12.899999999997073 49.500000000006
-52.85000000000211 49.550000000005994
-52.800000000002115 49.60000000000599
12.74999999999707 49.60000000000599
-52.75000000000212 49.65000000000599
-52.70000000000212 49.700000000005986
-52.65000000000212 49.75000000000598
-52.600000000002126 49.80000000000598
-52.55000000000213 49.85000000000598
12.199999999997063 49.95000000000597
12.04999999999706 50.050000000005966
11.799999999997057 50.20000000000596
11.649999999997055 50.30000000000595
11.399999999997052 50.45000000000594
-51.85000000000217 50.55000000000594
-51.80000000000217 50.600000000005934
11.149999999997048 50.600000000005934
-51.750000000002174 50.65000000000593
-51.70000000000218 50.70000000000593
-51.65000000000218 50.750000000005926
10.899999999997044 50.750000000005926
-51.60000000000218 50.80000000000592
10.649999999997041 50.90000000000592
10.399999999997037 51.05000000000591
10.149999999997034 51.2000000000059
-51.10000000000221 51.2500000000059
10.049999999997032 51.2500000000059
-51.050000000002214 51.300000000005895
-51.00000000000222 51.35000000000589
9.799999999997029 51.40000000000589
9.699999999997027 51.450000000005886
-50.65000000000224 51.650000000005875
9.349999999997022 51.650000000005875
-50.60000000000224 51.70000000000587
8.899999999997016 51.90000000000586
-50.30000000000226 51.95000000000586
8.799999999997015 51.95000000000586
-50.25000000000226 52.000000000005855
-50.000000000002274 52.20000000000584
-49.95000000000228 52.25000000000584
8.249999999997007 52.25000000000584
8.149999999997005 52.30000000000584
-49.75000000000229 52.40000000000583
-49.70000000000229 52.45000000000583
-49.5000000000023 52.60000000000582
-49.250000000002316 52.80000000000581
-49.05000000000233 52.9500000000058
-48.85000000000234 53.10000000000579
-48.65000000000235 53.250000000005784
-48.50000000000236 53.35000000000578
-48.30000000000237 53.50000000000577
5.749999999997012 53.50000000000577
5.6499999999970125 53.55000000000577
-48.15000000000238 53.600000000005764
5.549999999997013 53.600000000005764
-47.8000000000024 53.85000000000575
4.999999999997015 53.85000000000575
4.899999999997015 53.90000000000575
-47.65000000000241 53.950000000005744
-47.500000000002416 54.05000000000574
4.449999999997017 54.100000000005736
-47.350000000002424 54.15000000000573
4.099999999997018 54.25000000000573
3.9999999999970184 54.300000000005724
-46.95000000000245 54.40000000000572
3.6499999999970196 54.450000000005716
-46.800000000002456 54.50000000000571
3.299999999997021 54.60000000000571
-46.55000000000247 54.650000000005704
3.0499999999970218 54.7000000000057
-46.300000000002484 54.800000000005696
2.699999999997023 54.85000000000569
-46.0500000000025 54.95000000000569
2.449999999997024 54.95000000000569
2.199999999997025 55.05000000000568
-45.70000000000252 55.150000000005676
1.9499999999970252 55.150000000005676
1.699999999997025 55.25000000000567
-45.35000000000254 55.350000000005664
1.4499999999970248 55.350000000005664
-45.250000000002544 55.40000000000566
1.0499999999970244 55.500000000005656
0.7999999999970243 55.60000000000565
0.6499999999970242 55.65000000000565
-44.700000000002575 55.700000000005645
-44.60000000000258 55.75000000000564
-44.500000000002586 55.80000000000564
0.2499999999970241 55.80000000000564
-44.40000000000259 55.850000000005636
-44.3000000000026 55.90000000000563
-44.2000000000026 55.95000000000563
-44.10000000000261 56.00000000000563
-0.3000000000029759 56.00000000000563
-44.000000000002615 56.050000000005625
-0.45000000000297585 56.050000000005625
-43.90000000000262 56.10000000000562
-43.800000000002626 56.15000000000562
-43.70000000000263 56.200000000005616
-1.3000000000029766 56.35000000000561
-1.4500000000029767 56.400000000005605
-43.15000000000266 56.4500000000056
-1.6000000000029768 56.4500000000056
-43.05000000000267 56.5000000000056
-1.750000000002977 56.5000000000056
-42.950000000002674 56.550000000005596
-1.900000000002977 56.550000000005596
-2.050000000002977 56.60000000000559
-42.600000000002694 56.70000000000559
-42.250000000002714 56.85000000000558
-2.850000000002974 56.85000000000558
-3.0000000000029736 56.900000000005576
-42.00000000000273 56.95000000000557
-41.900000000002734 57.00000000000557
-3.500000000002972 57.05000000000557
-41.65000000000275 57.100000000005565
-3.6500000000029713 57.100000000005565
-41.40000000000276 57.20000000000556
-4.00000000000297 57.20000000000556
-4.1500000000029695 57.250000000005556
-41.000000000002785 57.35000000000555
-4.500000000002968 57.35000000000555
-40.7500000000028 57.450000000005545
-4.850000000002967 57.450000000005545
-40.60000000000281 57.50000000000554
-5.400000000002965 57.60000000000554
-40.05000000000284 57.70000000000553
-39.90000000000285 57.75000000000553
-5.950000000002963 57.75000000000553
-39.750000000002856 57.800000000005525
-6.150000000002962 57.800000000005525
-39.600000000002865 57.85000000000552
-6.350000000002962 57.85000000000552
-39.45000000000287 57.90000000000552
-39.30000000000288 57.95000000000552
-39.15000000000289 58.000000000005514
-39.0000000000029 58.05000000000551
-38.65000000000292 58.150000000005505
-7.5500000000029575 58.150000000005505
-38.50000000000293 58.2000000000055
-7.750000000002957 58.2000000000055
-38.350000000002936 58.2500000000055
-7.950000000002956 58.2500000000055
-38.15000000000295 58.3000000000055
-38.000000000002956 58.350000000005494
-8.400000000002962 58.350000000005494
-37.80000000000297 58.40000000000549
-8.600000000002964 58.40000000000549
-37.650000000002976 58.45000000000549
-37.45000000000299 58.500000000005485
-9.05000000000297 58.500000000005485
-9.300000000002974 58.55000000000548
-36.90000000000302 58.65000000000548
-9.75000000000298 58.65000000000548
-36.70000000000303 58.700000000005474
-10.000000000002984 58.700000000005474
-36.50000000000304 58.75000000000547
-10.250000000002988 58.75000000000547
-36.30000000000305 58.80000000000547
-10.500000000002991 58.80000000000547
-10.750000000002995 58.850000000005465
-35.85000000000308 58.90000000000546
-11.000000000002998 58.90000000000546
-35.65000000000309 58.95000000000546
-35.400000000003104 59.00000000000546
-11.550000000003006 59.00000000000546
-35.200000000003115 59.050000000005454
-11.80000000000301 59.050000000005454
-34.95000000000313 59.10000000000545
-12.100000000003014 59.10000000000545
-34.70000000000314 59.15000000000545
-12.400000000003018 59.15000000000545
-34.45000000000316 59.200000000005446
-12.700000000003023 59.200000000005446
-34.20000000000317 59.25000000000544
-13.000000000003027 59.25000000000544
-33.950000000003186 59.30000000000544
-13.300000000003031 59.30000000000544
-33.6500000000032 59.35000000000544
-13.600000000003035 59.35000000000544
-33.40000000000322 59.400000000005434
-13.95000000000304 59.400000000005434
-33.100000000003234 59.45000000000543
-14.300000000003045 59.45000000000543
-32.80000000000325 59.50000000000543
-14.65000000000305 59.50000000000543
-32.45000000000327 59.550000000005426
-15.000000000003055 59.550000000005426
-32.15000000000329 59.60000000000542
-32.10000000000329 59.60000000000542
-15.400000000003061 59.60000000000542
-31.800000000003294 59.65000000000542
-31.750000000003293 59.65000000000542
-15.800000000003067 59.65000000000542
-31.40000000000329 59.70000000000542
-16.200000000003072 59.70000000000542
-31.000000000003283 59.750000000005414
-16.65000000000308 59.750000000005414
-30.600000000003277 59.80000000000541
-17.150000000003086 59.80000000000541
-17.100000000003085 59.80000000000541
-30.15000000000327 59.85000000000541
-17.650000000003093 59.85000000000541
-17.600000000003092 59.85000000000541
-29.650000000003264 59.900000000005406
-18.2000000000031 59.900000000005406
-18.1500000000031 59.900000000005406
-29.150000000003256 59.9500000000054
-29.100000000003256 59.9500000000054
-18.75000000000311 59.9500000000054
-28.500000000003247 60.0000000000054
-28.450000000003246 60.0000000000054
-19.45000000000312 60.0000000000054
-19.400000000003118 60.0000000000054
-27.800000000003237 60.0500000000054
-27.750000000003237 60.0500000000054
-20.25000000000313 60.0500000000054
-20.20000000000313 60.0500000000054
-20.15000000000313 60.0500000000054
-26.900000000003224 60.100000000005394
-26.850000000003224 60.100000000005394
-26.800000000003223 60.100000000005394
-21.200000000003143 60.100000000005394
-21.150000000003143 60.100000000005394
-21.100000000003142 60.100000000005394
-25.550000000003205 60.15000000000539
-25.500000000003205 60.15000000000539
-25.450000000003204 60.15000000000539
-25.400000000003203 60.15000000000539
-25.350000000003202 60.15000000000539
-25.3000000000032 60.15000000000539
-25.2500000000032 60.15000000000539
-25.2000000000032 60.15000000000539
-22.850000000003167 60.15000000000539
-22.800000000003166 60.15000000000539
-22.750000000003165 60.15000000000539
-22.700000000003165 60.15000000000539
-22.650000000003164 60.15000000000539
-22.600000000003163 60.15000000000539
-22.550000000003163 60.15000000000539
-22.500000000003162 60.15000000000539
