35.99999999999342 -11.500000000003006
35.99999999999342 -11.450000000003005
35.99999999999342 -11.400000000003004
35.99999999999342 -11.350000000003003
35.99999999999342 -7.950000000002956
35.99999999999342 -7.900000000002956
35.99999999999342 -7.850000000002956
35.99999999999342 -7.800000000002957
35.99999999999342 -7.750000000002957
35.94999999999342 -12.350000000003018
35.94999999999342 -12.300000000003017
35.94999999999342 -12.250000000003016
35.94999999999342 -7.000000000002959
35.94999999999342 -6.95000000000296
35.94999999999342 -6.90000000000296
35.899999999993426 -13.000000000003027
35.899999999993426 -12.950000000003026
35.899999999993426 -6.300000000002962
35.899999999993426 -6.250000000002962
35.84999999999343 -13.550000000003035
35.84999999999343 -13.500000000003034
35.84999999999343 -5.750000000002964
35.84999999999343 -5.700000000002964
35.79999999999343 -14.050000000003042
35.79999999999343 -14.000000000003041
35.79999999999343 -5.250000000002966
35.79999999999343 -5.200000000002966
35.749999999993435 -14.450000000003048
35.749999999993435 -14.400000000003047
35.749999999993435 -4.800000000002967
35.749999999993435 -4.750000000002967
35.69999999999344 -14.850000000003053
35.69999999999344 -14.800000000003052
35.69999999999344 -4.400000000002969
35.69999999999344 -4.350000000002969
35.64999999999344 -15.200000000003058
35.64999999999344 -4.00000000000297
35.59999999999344 -15.550000000003063
35.59999999999344 -15.500000000003062
35.59999999999344 -3.6500000000029713
35.549999999993446 -15.850000000003067
35.549999999993446 -3.3000000000029726
35.49999999999345 -16.15000000000307
35.49999999999345 -3.0000000000029736
35.44999999999345 -16.450000000003076
35.44999999999345 -2.7000000000029747
35.399999999993454 -16.70000000000308
35.399999999993454 -2.4000000000029758
35.34999999999346 -17.000000000003084
35.34999999999346 -16.950000000003083
35.34999999999346 -2.1500000000029766
35.29999999999346 -17.250000000003087
35.29999999999346 -1.850000000002977
35.24999999999346 -17.50000000000309
35.24999999999346 -1.6000000000029768
35.199999999993466 -17.700000000003094
35.199999999993466 -1.3500000000029766
35.14999999999347 -17.950000000003097
35.14999999999347 -1.1500000000029764
35.09999999999347 -18.1500000000031
35.09999999999347 -0.9000000000029762
35.049999999993474 -18.400000000003104
35.049999999993474 -0.650000000002976
34.99999999999348 -18.600000000003106
34.99999999999348 -0.45000000000297585
34.94999999999348 -18.80000000000311
34.89999999999348 -19.000000000003112
34.89999999999348 -2.9759111841443087E-12
34.849999999993486 -19.200000000003115
34.849999999993486 0.1999999999970241
34.79999999999349 -19.400000000003118
34.79999999999349 0.39999999999702407
34.74999999999349 -19.55000000000312
34.74999999999349 0.5999999999970241
34.699999999993494 -19.750000000003123
34.699999999993494 0.7999999999970243
34.5999999999935 -20.100000000003128
34.5999999999935 1.1499999999970245
34.5499999999935 1.3499999999970247
34.499999999993506 -20.450000000003133
34.44999999999351 -20.600000000003135
34.44999999999351 1.699999999997025
34.349999999993514 2.0499999999970253
34.29999999999352 -21.100000000003142
34.29999999999352 2.199999999997025
34.24999999999352 -21.250000000003144
34.19999999999352 -21.400000000003146
34.19999999999352 2.5499999999970235
34.149999999993526 -21.55000000000315
34.149999999993526 2.699999999997023
34.09999999999353 -21.70000000000315
34.09999999999353 2.8499999999970225
34.04999999999353 -21.850000000003153
34.04999999999353 2.999999999997022
33.999999999993534 3.1499999999970214
33.89999999999354 -22.25000000000316
33.84999999999354 -22.40000000000316
33.84999999999354 3.59999999999702
33.799999999993545 3.7499999999970193
33.74999999999355 -22.650000000003164
33.74999999999355 3.8999999999970187
33.69999999999355 -22.800000000003166
33.69999999999355 4.049999999997018
33.649999999993554 4.199999999997018
33.59999999999356 -23.05000000000317
33.54999999999356 4.449999999997017
33.49999999999356 -23.300000000003173
33.49999999999356 4.599999999997016
33.39999999999357 -23.550000000003177
33.34999999999357 4.999999999997015
33.299999999993574 -23.80000000000318
33.24999999999358 -23.900000000003182
33.24999999999358 5.249999999997014
33.14999999999358 -24.150000000003185
33.14999999999358 5.499999999997013
33.099999999993585 -24.250000000003187
33.04999999999359 5.749999999997012
32.949999999993594 -24.60000000000319
32.949999999993594 5.999999999997011
32.8999999999936 -24.700000000003193
32.8499999999936 -24.800000000003195
32.8499999999936 6.24999999999701
32.7999999999936 6.34999999999701
32.69999999999361 6.599999999997009
32.64999999999361 6.699999999997009
32.54999999999362 -25.450000000003204
32.49999999999362 -25.550000000003205
32.49999999999362 7.0499999999970075
32.44999999999362 -25.650000000003207
32.44999999999362 7.149999999997007
32.399999999993625 -25.750000000003208
32.34999999999363 -25.85000000000321
32.199999999993636 7.699999999997005
32.14999999999364 7.799999999997005
32.09999999999364 7.8999999999970045
32.049999999993645 7.999999999997004
31.999999999993644 -26.50000000000322
31.999999999993644 8.099999999997005
31.949999999993643 -26.60000000000322
31.899999999993643 -26.70000000000322
31.69999999999364 -27.050000000003227
31.64999999999364 -27.150000000003228
31.64999999999364 8.799999999997015
31.59999999999364 8.899999999997016
31.549999999993638 8.999999999997017
31.499999999993637 -27.40000000000323
31.499999999993637 9.099999999997019
31.449999999993636 9.19999999999702
31.349999999993635 -27.650000000003235
31.199999999993633 -27.90000000000324
31.199999999993633 9.649999999997027
31.149999999993632 9.749999999997028
31.09999999999363 9.84999999999703
31.04999999999363 -28.150000000003242
30.94999999999363 -28.300000000003244
30.89999999999363 10.199999999997035
30.799999999993627 -28.550000000003248
30.699999999993626 -28.70000000000325
30.699999999993626 10.54999999999704
30.599999999993624 -28.850000000003252
30.549999999993624 10.799999999997043
30.499999999993623 -29.000000000003254
30.39999999999362 -29.150000000003256
30.39999999999362 11.049999999997047
30.29999999999362 -29.30000000000326
30.24999999999362 11.29999999999705
30.149999999993618 -29.50000000000326
30.149999999993618 11.449999999997052
30.049999999993616 -29.650000000003264
29.999999999993616 11.699999999997056
29.899999999993614 11.849999999997058
29.799999999993613 -30.00000000000327
29.64999999999361 -30.20000000000327
29.54999999999361 12.399999999997066
29.49999999999361 -30.400000000003274
29.349999999993607 -30.600000000003277
29.199999999993604 12.899999999997073
29.149999999993604 -30.85000000000328
29.099999999993603 13.049999999997075
28.9999999999936 13.199999999997077
28.9499999999936 -31.100000000003284
28.8499999999936 13.39999999999708
28.749999999993598 -31.350000000003288
28.749999999993598 13.549999999997082
28.599999999993596 13.749999999997085
28.499999999993594 -31.650000000003292
28.449999999993594 -31.700000000003293
28.449999999993594 13.949999999997088
28.29999999999359 14.14999999999709
28.19999999999359 -32.0000000000033
28.14999999999359 -32.050000000003294
28.14999999999359 14.349999999997094
27.949999999993587 14.599999999997097
27.799999999993585 -32.45000000000327
27.799999999993585 14.7999999999971
27.749999999993584 -32.50000000000327
27.749999999993584 14.8499999999971
27.699999999993583 -32.550000000003266
27.649999999993582 -32.60000000000326
27.59999999999358 15.049999999997103
27.54999999999358 15.099999999997104
27.349999999993578 15.349999999997108
27.099999999993575 15.649999999997112
27.049999999993574 15.699999999997113
26.79999999999357 15.999999999997117
26.74999999999357 16.049999999997116
26.399999999993565 16.44999999999712
26.349999999993564 16.499999999997122
26.299999999993563 16.549999999997123
25.99999999999356 -34.25000000000317
25.949999999993558 -34.300000000003166
25.899999999993558 -34.35000000000316
25.849999999993557 -34.40000000000316
25.749999999993555 17.14999999999713
25.699999999993555 17.199999999997132
25.649999999993554 17.249999999997133
25.599999999993553 17.299999999997134
25.549999999993553 17.349999999997134
25.499999999993552 -34.70000000000314
25.499999999993552 17.399999999997135
25.44999999999355 -34.75000000000314
25.44999999999355 17.449999999997136
25.39999999999355 -34.80000000000314
25.39999999999355 17.499999999997137
25.34999999999355 17.549999999997137
25.29999999999355 17.599999999997138
25.24999999999355 17.64999999999714
25.199999999993548 17.69999999999714
25.149999999993547 17.74999999999714
25.099999999993546 -35.05000000000312
25.099999999993546 17.79999999999714
25.049999999993545 -35.10000000000312
25.049999999993545 17.84999999999714
24.999999999993545 17.899999999997142
24.949999999993544 17.949999999997143
24.899999999993543 17.999999999997144
24.849999999993543 18.049999999997144
24.799999999993542 -35.30000000000311
24.799999999993542 18.099999999997145
24.74999999999354 -35.35000000000311
24.74999999999354 18.149999999997146
24.69999999999354 18.199999999997146
24.64999999999354 18.249999999997147
24.499999999993538 -35.550000000003095
24.249999999993534 -35.750000000003084
24.04999999999353 18.799999999997155
23.99999999999353 -35.95000000000307
23.99999999999353 18.849999999997156
23.94999999999353 18.899999999997156
23.799999999993528 -36.100000000003064
23.599999999993525 -36.250000000003055
23.599999999993525 19.19999999999716
23.549999999993524 19.24999999999716
23.399999999993522 -36.40000000000305
23.19999999999352 -36.55000000000304
23.19999999999352 19.549999999997166
23.049999999993517 -36.65000000000303
22.899999999993515 19.79999999999717
22.849999999993514 -36.800000000003024
22.699999999993512 -36.90000000000302
22.59999999999351 20.049999999997173
22.54999999999351 -37.00000000000301
22.349999999993507 20.249999999997176
22.149999999993504 20.399999999997178
22.099999999993504 20.44999999999718
21.8999999999935 20.59999999999718
21.7999999999935 -37.500000000002984
21.699999999993498 20.749999999997183
21.649999999993497 -37.60000000000298
21.499999999993495 -37.70000000000297
21.499999999993495 20.899999999997185
21.299999999993492 21.049999999997187
21.24999999999349 -37.850000000002964
21.09999999999349 21.19999999999719
20.999999999993488 -38.000000000002956
20.949999999993487 21.29999999999719
20.849999999993486 -38.10000000000295
20.749999999993484 -38.15000000000295
20.749999999993484 21.449999999997193
20.599999999993482 21.549999999997194
20.49999999999348 -38.30000000000294
20.44999999999348 21.649999999997195
20.299999999993478 21.749999999997197
20.249999999993477 -38.45000000000293
20.149999999993476 -38.50000000000293
20.149999999993476 21.8499999999972
19.999999999993474 21.9499999999972
19.84999999999347 22.0499999999972
19.79999999999347 -38.700000000002916
19.69999999999347 -38.75000000000291
19.69999999999347 22.149999999997203
19.599999999993468 -38.80000000000291
19.549999999993467 22.249999999997204
19.399999999993465 22.349999999997205
19.14999999999346 -39.050000000002896
19.14999999999346 22.499999999997208
19.04999999999346 -39.10000000000289
18.94999999999346 -39.15000000000289
18.899999999993458 22.64999999999721
18.849999999993457 -39.20000000000289
18.749999999993456 -39.250000000002885
18.749999999993456 22.74999999999721
18.649999999993454 -39.30000000000288
18.649999999993454 22.799999999997212
18.549999999993453 -39.35000000000288
18.499999999993452 22.899999999997213
18.44999999999345 -39.400000000002876
18.39999999999345 22.949999999997214
18.34999999999345 -39.45000000000287
18.24999999999345 -39.50000000000287
18.149999999993447 -39.55000000000287
18.149999999993447 23.099999999997216
18.049999999993446 23.149999999997217
17.799999999993442 23.29999999999722
17.69999999999344 23.34999999999722
17.59999999999344 -39.80000000000285
17.499999999993438 -39.85000000000285
17.399999999993437 -39.90000000000285
17.249999999993435 23.599999999997223
17.149999999993433 23.649999999997224
17.04999999999343 -40.05000000000284
17.04999999999343 23.699999999997225
16.94999999999343 -40.10000000000284
16.94999999999343 23.749999999997225
16.699999999993427 -40.20000000000283
16.599999999993425 -40.25000000000283
16.349999999993422 -40.35000000000282
16.09999999999342 -40.45000000000282
15.999999999993417 -40.500000000002814
15.849999999993415 -40.55000000000281
15.849999999993415 24.299999999997233
15.749999999993413 24.349999999997234
15.649999999993412 24.399999999997235
15.599999999993411 -40.650000000002805
15.54999999999341 24.449999999997235
15.349999999993408 -40.7500000000028
15.099999999993404 24.649999999997238
14.999999999993403 24.69999999999724
14.949999999993402 -40.90000000000279
14.7999999999934 -40.95000000000279
14.649999999993398 24.84999999999724
14.549999999993396 -41.05000000000278
14.399999999993394 -41.10000000000278
14.299999999993393 24.999999999997243
14.249999999993392 -41.15000000000278
14.09999999999339 -41.200000000002774
14.049999999993389 25.099999999997245
13.949999999993388 -41.25000000000277
13.799999999993386 -41.30000000000277
13.799999999993386 25.199999999997246
13.649999999993383 -41.350000000002765
13.549999999993382 25.299999999997247
13.499999999993381 -41.40000000000276
13.34999999999338 -41.45000000000276
13.299999999993378 25.39999999999725
13.199999999993377 -41.50000000000276
13.049999999993375 25.49999999999725
12.899999999993373 25.54999999999725
12.69999999999337 -41.65000000000275
12.549999999993368 -41.700000000002746
12.499999999993367 25.699999999997253
12.349999999993365 25.749999999997254
12.199999999993363 -41.80000000000274
12.199999999993363 25.799999999997254
12.04999999999336 25.849999999997255
11.899999999993359 25.899999999997256
11.849999999993358 -41.900000000002734
11.749999999993356 25.949999999997257
11.649999999993355 -41.95000000000273
11.599999999993354 25.999999999997257
11.449999999993352 26.049999999997258
11.29999999999335 -42.050000000002726
11.29999999999335 26.09999999999726
11.149999999993348 26.14999999999726
11.099999999993347 -42.10000000000272
10.899999999993344 -42.15000000000272
10.699999999993342 -42.20000000000272
10.64999999999334 26.29999999999726
10.499999999993339 -42.250000000002714
10.299999999993336 -42.30000000000271
10.299999999993336 26.399999999997263
10.049999999993332 -42.35000000000271
9.94999999999333 26.499999999997264
9.84999999999333 -42.400000000002706
9.749999999993328 26.549999999997265
9.599999999993326 -42.4500000000027
9.399999999993323 -42.5000000000027
9.399999999993323 26.649999999997267
9.19999999999332 26.699999999997267
9.14999999999332 -42.5500000000027
8.999999999993317 26.749999999997268
8.899999999993316 -42.600000000002694
8.799999999993315 26.79999999999727
8.649999999993312 -42.65000000000269
8.399999999993309 -42.70000000000269
8.349999999993308 26.89999999999727
8.149999999993305 26.94999999999727
8.099999999993305 -42.750000000002686
7.899999999993304 26.99999999999727
7.8499999999933046 -42.80000000000268
7.649999999993305 27.049999999997272
7.549999999993306 -42.85000000000268
7.399999999993306 27.099999999997273
7.249999999993307 -42.90000000000268
7.149999999993307 27.149999999997274
6.949999999993308 -42.950000000002674
6.899999999993308 -42.950000000002674
6.899999999993308 27.199999999997274
6.649999999993309 27.249999999997275
6.599999999993309 -43.00000000000267
6.34999999999331 27.299999999997276
6.24999999999331 -43.05000000000267
6.19999999999331 -43.05000000000267
6.049999999993311 27.349999999997276
5.849999999993312 -43.100000000002666
5.749999999993312 27.399999999997277
5.699999999993312 27.399999999997277
5.449999999993313 -43.15000000000266
5.399999999993313 27.449999999997278
5.349999999993313 27.449999999997278
5.0499999999933145 -43.20000000000266
5.0499999999933145 27.49999999999728
4.999999999993315 -43.20000000000266
4.999999999993315 27.49999999999728
4.649999999993316 27.54999999999728
4.599999999993316 27.54999999999728
4.549999999993316 -43.25000000000266
4.4999999999933165 -43.25000000000266
4.1999999999933175 27.59999999999728
4.049999999993318 -43.300000000002655
3.9999999999933182 -43.300000000002655
3.9499999999933184 -43.300000000002655
3.749999999993319 27.64999999999728
3.6999999999933193 27.64999999999728
3.3999999999933204 -43.35000000000265
3.3499999999933205 -43.35000000000265
3.199999999993321 27.69999999999728
3.1499999999933213 27.69999999999728
2.649999999993323 -43.40000000000265
2.599999999993323 -43.40000000000265
2.5499999999933234 -43.40000000000265
2.5499999999933234 27.749999999997282
2.4999999999933236 27.749999999997282
2.4499999999933237 27.749999999997282
1.6499999999933248 27.799999999997283
1.5999999999933248 -43.450000000002646
1.5999999999933248 27.799999999997283
1.5499999999933247 -43.450000000002646
1.5499999999933247 27.799999999997283
1.4999999999933247 -43.450000000002646
1.4999999999933247 27.799999999997283
1.4499999999933246 -43.450000000002646
1.3999999999933246 -43.450000000002646
1.3499999999933245 -43.450000000002646
1.2999999999933245 -43.450000000002646
-1.3000000000066767 -43.450000000002646
-1.3500000000066767 -43.450000000002646
-1.4000000000066768 -43.450000000002646
-1.4500000000066768 -43.450000000002646
-1.5000000000066769 -43.450000000002646
-1.5000000000066769 27.799999999997283
-1.550000000006677 -43.450000000002646
-1.550000000006677 27.799999999997283
-1.600000000006677 -43.450000000002646
-1.600000000006677 27.799999999997283
-1.650000000006677 27.799999999997283
-2.4500000000066757 27.749999999997282
-2.5000000000066755 27.749999999997282
-2.5500000000066754 -43.40000000000265
-2.5500000000066754 27.749999999997282
-2.600000000006675 -43.40000000000265
-2.650000000006675 -43.40000000000265
-3.1500000000066732 27.69999999999728
-3.200000000006673 27.69999999999728
-3.3500000000066725 -43.35000000000265
-3.4000000000066724 -43.35000000000265
-3.7000000000066713 27.64999999999728
-3.750000000006671 27.64999999999728
-3.9500000000066704 -43.300000000002655
-4.00000000000667 -43.300000000002655
-4.05000000000667 -43.300000000002655
-4.2000000000066695 27.59999999999728
-4.500000000006668 -43.25000000000266
-4.550000000006668 -43.25000000000266
-4.600000000006668 27.54999999999728
-4.650000000006668 27.54999999999728
-5.000000000006667 -43.20000000000266
-5.000000000006667 27.49999999999728
-5.0500000000066665 -43.20000000000266
-5.0500000000066665 27.49999999999728
-5.350000000006665 27.449999999997278
-5.400000000006665 27.449999999997278
-5.450000000006665 -43.15000000000266
-5.700000000006664 27.399999999997277
-5.750000000006664 27.399999999997277
-5.850000000006664 -43.100000000002666
-6.050000000006663 27.349999999997276
-6.200000000006662 -43.05000000000267
-6.250000000006662 -43.05000000000267
-6.350000000006662 27.299999999997276
-6.600000000006661 -43.00000000000267
-6.650000000006661 27.249999999997275
-6.90000000000666 -42.950000000002674
-6.90000000000666 27.199999999997274
-6.95000000000666 -42.950000000002674
-7.150000000006659 27.149999999997274
-7.250000000006659 -42.90000000000268
-7.400000000006658 27.099999999997273
-7.550000000006658 -42.85000000000268
-7.650000000006657 27.049999999997272
-7.8500000000066565 -42.80000000000268
-7.900000000006656 26.99999999999727
-8.100000000006657 -42.750000000002686
-8.150000000006658 26.94999999999727
-8.350000000006661 26.89999999999727
-8.400000000006662 -42.70000000000269
-8.650000000006665 -42.65000000000269
-8.800000000006667 26.79999999999727
-8.900000000006669 -42.600000000002694
-9.00000000000667 26.749999999997268
-9.150000000006672 -42.5500000000027
-9.200000000006673 26.699999999997267
-9.400000000006676 -42.5000000000027
-9.400000000006676 26.649999999997267
-9.600000000006679 -42.4500000000027
-9.75000000000668 26.549999999997265
-9.850000000006682 -42.400000000002706
-9.950000000006684 26.499999999997264
-10.050000000006685 -42.35000000000271
-10.300000000006689 -42.30000000000271
-10.300000000006689 26.399999999997263
-10.500000000006692 -42.250000000002714
-10.650000000006694 26.29999999999726
-10.700000000006694 -42.20000000000272
-10.900000000006697 -42.15000000000272
-11.1000000000067 -42.10000000000272
-11.1500000000067 26.14999999999726
-11.300000000006703 -42.050000000002726
-11.300000000006703 26.09999999999726
-11.450000000006705 26.049999999997258
-11.600000000006707 25.999999999997257
-11.650000000006708 -41.95000000000273
-11.75000000000671 25.949999999997257
-11.85000000000671 -41.900000000002734
-11.900000000006711 25.899999999997256
-12.050000000006714 25.849999999997255
-12.200000000006716 -41.80000000000274
-12.200000000006716 25.799999999997254
-12.350000000006718 25.749999999997254
-12.50000000000672 25.699999999997253
-12.55000000000672 -41.700000000002746
-12.700000000006723 -41.65000000000275
-12.900000000006726 25.54999999999725
-13.050000000006728 25.49999999999725
-13.20000000000673 -41.50000000000276
-13.300000000006731 25.39999999999725
-13.350000000006732 -41.45000000000276
-13.500000000006734 -41.40000000000276
-13.550000000006735 25.299999999997247
-13.650000000006736 -41.350000000002765
-13.800000000006738 -41.30000000000277
-13.800000000006738 25.199999999997246
-13.95000000000674 -41.25000000000277
-14.050000000006742 25.099999999997245
-14.100000000006743 -41.200000000002774
-14.250000000006745 -41.15000000000278
-14.300000000006746 24.999999999997243
-14.400000000006747 -41.10000000000278
-14.550000000006749 -41.05000000000278
-14.65000000000675 24.84999999999724
-14.800000000006753 -40.95000000000279
-14.950000000006755 -40.90000000000279
-15.000000000006755 24.69999999999724
-15.100000000006757 24.649999999997238
-15.35000000000676 -40.7500000000028
-15.550000000006763 24.449999999997235
-15.600000000006764 -40.650000000002805
-15.650000000006765 24.399999999997235
-15.750000000006766 24.349999999997234
-15.850000000006768 -40.55000000000281
-15.850000000006768 24.299999999997233
-16.000000000006768 -40.500000000002814
-16.10000000000677 -40.45000000000282
-16.350000000006773 -40.35000000000282
-16.600000000006776 -40.25000000000283
-16.700000000006778 -40.20000000000283
-16.95000000000678 -40.10000000000284
-16.95000000000678 23.749999999997225
-17.050000000006783 -40.05000000000284
-17.050000000006783 23.699999999997225
-17.150000000006784 23.649999999997224
-17.250000000006786 23.599999999997223
-17.400000000006788 -39.90000000000285
-17.50000000000679 -39.85000000000285
-17.60000000000679 -39.80000000000285
-17.700000000006792 23.34999999999722
-17.800000000006793 23.29999999999722
-18.050000000006797 23.149999999997217
-18.1500000000068 -39.55000000000287
-18.1500000000068 23.099999999997216
-18.2500000000068 -39.50000000000287
-18.3500000000068 -39.45000000000287
-18.400000000006802 22.949999999997214
-18.450000000006803 -39.400000000002876
-18.500000000006803 22.899999999997213
-18.550000000006804 -39.35000000000288
-18.650000000006806 -39.30000000000288
-18.650000000006806 22.799999999997212
-18.750000000006807 -39.250000000002885
-18.750000000006807 22.74999999999721
-18.85000000000681 -39.20000000000289
-18.90000000000681 22.64999999999721
-18.95000000000681 -39.15000000000289
-19.05000000000681 -39.10000000000289
-19.150000000006813 -39.050000000002896
-19.150000000006813 22.499999999997208
-19.400000000006816 22.349999999997205
-19.55000000000682 22.249999999997204
-19.60000000000682 -38.80000000000291
-19.70000000000682 -38.75000000000291
-19.70000000000682 22.149999999997203
-19.800000000006822 -38.700000000002916
-19.850000000006823 22.0499999999972
-20.000000000006825 21.9499999999972
-20.150000000006827 -38.50000000000293
-20.150000000006827 21.8499999999972
-20.25000000000683 -38.45000000000293
-20.30000000000683 21.749999999997197
-20.45000000000683 21.649999999997195
-20.500000000006832 -38.30000000000294
-20.600000000006833 21.549999999997194
-20.750000000006835 -38.15000000000295
-20.750000000006835 21.449999999997193
-20.850000000006837 -38.10000000000295
-20.95000000000684 21.29999999999719
-21.00000000000684 -38.000000000002956
-21.10000000000684 21.19999999999719
-21.250000000006843 -37.850000000002964
-21.300000000006843 21.049999999997187
-21.500000000006846 -37.70000000000297
-21.500000000006846 20.899999999997185
-21.650000000006848 -37.60000000000298
-21.70000000000685 20.749999999997183
-21.80000000000685 -37.500000000002984
-21.90000000000685 20.59999999999718
-22.100000000006855 20.44999999999718
-22.150000000006855 20.399999999997178
-22.350000000006858 20.249999999997176
-22.55000000000686 -37.00000000000301
-22.60000000000686 20.049999999997173
-22.700000000006863 -36.90000000000302
-22.850000000006865 -36.800000000003024
-22.900000000006866 19.79999999999717
-23.050000000006868 -36.65000000000303
-23.20000000000687 -36.55000000000304
-23.20000000000687 19.549999999997166
-23.400000000006873 -36.40000000000305
-23.550000000006875 19.24999999999716
-23.600000000006876 -36.250000000003055
-23.600000000006876 19.19999999999716
-23.80000000000688 -36.100000000003064
-23.95000000000688 18.899999999997156
-24.00000000000688 -35.95000000000307
-24.00000000000688 18.849999999997156
-24.050000000006882 18.799999999997155
-24.250000000006885 -35.750000000003084
-24.50000000000689 -35.550000000003095
-24.65000000000689 18.249999999997147
-24.70000000000689 18.199999999997146
-24.750000000006892 -35.35000000000311
-24.750000000006892 18.149999999997146
-24.800000000006893 -35.30000000000311
-24.800000000006893 18.099999999997145
-24.850000000006894 18.049999999997144
-24.900000000006894 17.999999999997144
-24.950000000006895 17.949999999997143
-25.000000000006896 17.899999999997142
-25.050000000006897 -35.10000000000312
-25.050000000006897 17.84999999999714
-25.100000000006897 -35.05000000000312
-25.100000000006897 17.79999999999714
-25.150000000006898 17.74999999999714
-25.2000000000069 17.69999999999714
-25.2500000000069 17.64999999999714
-25.3000000000069 17.599999999997138
-25.3500000000069 17.549999999997137
-25.4000000000069 -34.80000000000314
-25.4000000000069 17.499999999997137
-25.450000000006902 -34.75000000000314
-25.450000000006902 17.449999999997136
-25.500000000006903 -34.70000000000314
-25.500000000006903 17.399999999997135
-25.550000000006904 17.349999999997134
-25.600000000006904 17.299999999997134
-25.650000000006905 17.249999999997133
-25.700000000006906 17.199999999997132
-25.750000000006906 17.14999999999713
-25.850000000006908 -34.40000000000316
-25.90000000000691 -34.35000000000316
-25.95000000000691 -34.300000000003166
-26.00000000000691 -34.25000000000317
-26.300000000006914 16.549999999997123
-26.350000000006915 16.499999999997122
-26.400000000006916 16.44999999999712
-26.75000000000692 16.049999999997116
-26.80000000000692 15.999999999997117
-27.050000000006925 15.699999999997113
-27.100000000006926 15.649999999997112
-27.35000000000693 15.349999999997108
-27.550000000006932 15.099999999997104
-27.600000000006933 15.049999999997103
-27.650000000006933 -32.60000000000326
-27.700000000006934 -32.550000000003266
-27.750000000006935 -32.50000000000327
-27.750000000006935 14.8499999999971
-27.800000000006936 -32.45000000000327
-27.800000000006936 14.7999999999971
-27.950000000006938 14.599999999997097
-28.15000000000694 -32.050000000003294
-28.15000000000694 14.349999999997094
-28.20000000000694 -32.0000000000033
-28.300000000006943 14.14999999999709
-28.450000000006945 -31.700000000003293
-28.450000000006945 13.949999999997088
-28.500000000006946 -31.650000000003292
-28.600000000006947 13.749999999997085
-28.75000000000695 -31.350000000003288
-28.75000000000695 13.549999999997082
-28.85000000000695 13.39999999999708
-28.950000000006952 -31.100000000003284
-29.000000000006953 13.199999999997077
-29.100000000006954 13.049999999997075
-29.150000000006955 -30.85000000000328
-29.200000000006956 12.899999999997073
-29.350000000006958 -30.600000000003277
-29.50000000000696 -30.400000000003274
-29.55000000000696 12.399999999997066
-29.650000000006962 -30.20000000000327
-29.800000000006964 -30.00000000000327
-29.900000000006965 11.849999999997058
-30.000000000006967 11.699999999997056
-30.050000000006968 -29.650000000003264
-30.15000000000697 -29.50000000000326
-30.15000000000697 11.449999999997052
-30.25000000000697 11.29999999999705
-30.30000000000697 -29.30000000000326
-30.400000000006973 -29.150000000003256
-30.400000000006973 11.049999999997047
-30.500000000006974 -29.000000000003254
-30.550000000006975 10.799999999997043
-30.600000000006975 -28.850000000003252
-30.700000000006977 -28.70000000000325
-30.700000000006977 10.54999999999704
-30.80000000000698 -28.550000000003248
-30.90000000000698 10.199999999997035
-30.95000000000698 -28.300000000003244
-31.050000000006982 -28.150000000003242
-31.100000000006983 9.84999999999703
-31.150000000006983 9.749999999997028
-31.200000000006984 -27.90000000000324
-31.200000000006984 9.649999999997027
-31.350000000006986 -27.650000000003235
-31.450000000006987 9.19999999999702
-31.500000000006988 -27.40000000000323
-31.500000000006988 9.099999999997019
-31.55000000000699 8.999999999997017
-31.60000000000699 8.899999999997016
-31.65000000000699 -27.150000000003228
-31.65000000000699 8.799999999997015
-31.70000000000699 -27.050000000003227
-31.900000000006994 -26.70000000000322
-31.950000000006995 -26.60000000000322
-32.00000000000699 -26.50000000000322
-32.00000000000699 8.099999999997005
-32.05000000000699 7.999999999997004
-32.100000000006986 7.8999999999970045
-32.15000000000698 7.799999999997005
-32.20000000000698 7.699999999997005
-32.35000000000697 -25.85000000000321
-32.40000000000697 -25.750000000003208
-32.450000000006966 -25.650000000003207
-32.450000000006966 7.149999999997007
-32.50000000000696 -25.550000000003205
-32.50000000000696 7.0499999999970075
-32.55000000000696 -25.450000000003204
-32.650000000006955 6.699999999997009
-32.70000000000695 6.599999999997009
-32.800000000006946 6.34999999999701
-32.85000000000694 -24.800000000003195
-32.85000000000694 6.24999999999701
-32.90000000000694 -24.700000000003193
-32.95000000000694 -24.60000000000319
-32.95000000000694 5.999999999997011
-33.05000000000693 5.749999999997012
-33.10000000000693 -24.250000000003187
-33.150000000006926 -24.150000000003185
-33.150000000006926 5.499999999997013
-33.25000000000692 -23.900000000003182
-33.25000000000692 5.249999999997014
-33.30000000000692 -23.80000000000318
-33.350000000006915 4.999999999997015
-33.40000000000691 -23.550000000003177
-33.50000000000691 -23.300000000003173
-33.50000000000691 4.599999999997016
-33.550000000006904 4.449999999997017
-33.6000000000069 -23.05000000000317
-33.6500000000069 4.199999999997018
-33.700000000006895 -22.800000000003166
-33.700000000006895 4.049999999997018
-33.75000000000689 -22.650000000003164
-33.75000000000689 3.8999999999970187
-33.80000000000689 3.7499999999970193
-33.85000000000689 -22.40000000000316
-33.85000000000689 3.59999999999702
-33.900000000006884 -22.25000000000316
-34.00000000000688 3.1499999999970214
-34.050000000006875 -21.850000000003153
-34.050000000006875 2.999999999997022
-34.10000000000687 -21.70000000000315
-34.10000000000687 2.8499999999970225
-34.15000000000687 -21.55000000000315
-34.15000000000687 2.699999999997023
-34.20000000000687 -21.400000000003146
-34.20000000000687 2.5499999999970235
-34.250000000006864 -21.250000000003144
-34.30000000000686 -21.100000000003142
-34.30000000000686 2.199999999997025
-34.35000000000686 2.0499999999970253
-34.45000000000685 -20.600000000003135
-34.45000000000685 1.699999999997025
-34.50000000000685 -20.450000000003133
-34.55000000000685 1.3499999999970247
-34.600000000006844 -20.100000000003128
-34.600000000006844 1.1499999999970245
-34.70000000000684 -19.750000000003123
-34.70000000000684 0.7999999999970243
-34.750000000006835 -19.55000000000312
-34.750000000006835 0.5999999999970241
-34.80000000000683 -19.400000000003118
-34.80000000000683 0.39999999999702407
-34.85000000000683 -19.200000000003115
-34.85000000000683 0.1999999999970241
-34.90000000000683 -19.000000000003112
-34.90000000000683 -2.9759111841443087E-12
-34.950000000006824 -18.80000000000311
-35.00000000000682 -18.600000000003106
-35.00000000000682 -0.45000000000297585
-35.05000000000682 -18.400000000003104
-35.05000000000682 -0.650000000002976
-35.100000000006816 -18.1500000000031
-35.100000000006816 -0.9000000000029762
-35.15000000000681 -17.950000000003097
-35.15000000000681 -1.1500000000029764
-35.20000000000681 -17.700000000003094
-35.20000000000681 -1.3500000000029766
-35.25000000000681 -17.50000000000309
-35.25000000000681 -1.6000000000029768
-35.300000000006804 -17.250000000003087
-35.300000000006804 -1.850000000002977
-35.3500000000068 -17.000000000003084
-35.3500000000068 -16.950000000003083
-35.3500000000068 -2.1500000000029766
-35.4000000000068 -16.70000000000308
-35.4000000000068 -2.4000000000029758
-35.450000000006796 -16.450000000003076
-35.450000000006796 -2.7000000000029747
-35.50000000000679 -16.15000000000307
-35.50000000000679 -3.0000000000029736
-35.55000000000679 -15.850000000003067
-35.55000000000679 -3.3000000000029726
-35.60000000000679 -15.550000000003063
-35.60000000000679 -15.500000000003062
-35.60000000000679 -3.6500000000029713
-35.650000000006784 -15.200000000003058
-35.650000000006784 -4.00000000000297
-35.70000000000678 -14.850000000003053
-35.70000000000678 -14.800000000003052
-35.70000000000678 -4.400000000002969
-35.70000000000678 -4.350000000002969
-35.75000000000678 -14.450000000003048
-35.75000000000678 -14.400000000003047
-35.75000000000678 -4.800000000002967
-35.75000000000678 -4.750000000002967
-35.800000000006776 -14.050000000003042
-35.800000000006776 -14.000000000003041
-35.800000000006776 -5.250000000002966
-35.800000000006776 -5.200000000002966
-35.85000000000677 -13.550000000003035
-35.85000000000677 -13.500000000003034
-35.85000000000677 -5.750000000002964
-35.85000000000677 -5.700000000002964
-35.90000000000677 -13.000000000003027
-35.90000000000677 -12.950000000003026
-35.90000000000677 -6.300000000002962
-35.90000000000677 -6.250000000002962
-35.95000000000677 -12.350000000003018
-35.95000000000677 -12.300000000003017
-35.95000000000677 -12.250000000003016
-35.95000000000677 -7.000000000002959
-35.95000000000677 -6.95000000000296
-35.95000000000677 -6.90000000000296
-36.000000000006764 -11.500000000003006
-36.000000000006764 -11.450000000003005
-36.000000000006764 -11.400000000003004
-36.000000000006764 -11.350000000003003
-36.000000000006764 -7.950000000002956
-36.000000000006764 -7.900000000002956
-36.000000000006764 -7.850000000002956
-36.000000000006764 -7.800000000002957
-36.000000000006764 -7.750000000002957
