-50.750000000005926 -33.00000000000324
-50.750000000005926 -32.95000000000324
-50.750000000005926 -32.900000000003246
-50.750000000005926 -32.85000000000325
-50.750000000005926 -32.80000000000325
-50.750000000005926 -32.750000000003254
-50.750000000005926 -32.70000000000326
-50.750000000005926 -32.65000000000326
-50.750000000005926 -32.60000000000326
-50.750000000005926 -32.550000000003266
-50.750000000005926 -32.50000000000327
-50.750000000005926 -32.45000000000327
-50.750000000005926 -32.400000000003274
-50.750000000005926 -32.35000000000328
-50.750000000005926 -32.30000000000328
-50.750000000005926 -32.25000000000328
-50.750000000005926 -32.200000000003286
-50.750000000005926 -32.15000000000329
-50.750000000005926 -32.10000000000329
-50.750000000005926 -32.050000000003294
-50.750000000005926 -32.0000000000033
-50.750000000005926 -31.950000000003296
-50.750000000005926 -31.900000000003295
-50.750000000005926 -31.850000000003295
-50.750000000005926 -31.800000000003294
-50.750000000005926 -31.750000000003293
-50.750000000005926 -31.700000000003293
-50.750000000005926 -31.650000000003292
-50.750000000005926 -31.60000000000329
-50.750000000005926 -31.55000000000329
-50.750000000005926 -31.50000000000329
-50.750000000005926 -31.45000000000329
-50.750000000005926 -31.40000000000329
-50.750000000005926 -31.350000000003288
-50.750000000005926 -31.300000000003287
-50.750000000005926 -31.250000000003286
-50.80000000000592 -34.45000000000316
-50.80000000000592 -34.40000000000316
-50.80000000000592 -34.35000000000316
-50.80000000000592 -34.300000000003166
-50.80000000000592 -29.950000000003268
-50.80000000000592 -29.900000000003267
-50.80000000000592 -29.850000000003266
-50.80000000000592 -29.800000000003266
-50.85000000000592 -35.25000000000311
-50.85000000000592 -35.200000000003115
-50.85000000000592 -35.15000000000312
-50.85000000000592 -29.000000000003254
-50.85000000000592 -28.950000000003254
-50.85000000000592 -28.900000000003253
-50.90000000000592 -35.900000000003075
-50.90000000000592 -35.85000000000308
-50.90000000000592 -28.300000000003244
-50.90000000000592 -28.250000000003244
-50.90000000000592 -28.200000000003243
-50.950000000005915 -36.450000000003044
-50.950000000005915 -36.40000000000305
-50.950000000005915 -27.650000000003235
-50.950000000005915 -27.600000000003234
-51.00000000000591 -36.90000000000302
-51.00000000000591 -36.85000000000302
-51.00000000000591 -27.150000000003228
-51.00000000000591 -27.100000000003227
-51.05000000000591 -37.35000000000299
-51.05000000000591 -37.300000000002996
-51.05000000000591 -26.65000000000322
-51.05000000000591 -26.60000000000322
-51.100000000005906 -37.75000000000297
-51.100000000005906 -37.70000000000297
-51.100000000005906 -26.200000000003214
-51.100000000005906 -26.150000000003214
-51.1500000000059 -38.10000000000295
-51.1500000000059 -38.05000000000295
-51.1500000000059 -25.80000000000321
-51.1500000000059 -25.750000000003208
-51.2000000000059 -38.45000000000293
-51.2000000000059 -38.40000000000293
-51.2000000000059 -25.400000000003203
-51.2000000000059 -25.350000000003202
-51.2500000000059 -38.75000000000291
-51.2500000000059 -25.000000000003197
-51.300000000005895 -39.050000000002896
-51.300000000005895 -24.650000000003192
-51.35000000000589 -39.35000000000288
-51.35000000000589 -24.300000000003187
-51.40000000000589 -39.600000000002865
-51.40000000000589 -24.000000000003183
-51.450000000005886 -39.90000000000285
-51.450000000005886 -23.65000000000318
-51.50000000000588 -40.150000000002834
-51.50000000000588 -23.350000000003174
-51.55000000000588 -40.40000000000282
-51.55000000000588 -23.05000000000317
-51.60000000000588 -40.60000000000281
-51.60000000000588 -22.800000000003166
-51.650000000005875 -40.850000000002794
-51.650000000005875 -22.500000000003162
-51.70000000000587 -41.05000000000278
-51.70000000000587 -22.25000000000316
-51.75000000000587 -41.30000000000277
-51.75000000000587 -21.950000000003154
-51.800000000005866 -41.50000000000276
-51.800000000005866 -21.70000000000315
-51.85000000000586 -41.700000000002746
-51.85000000000586 -21.450000000003147
-51.90000000000586 -41.900000000002734
-51.90000000000586 -21.200000000003143
-51.95000000000586 -42.10000000000272
-51.95000000000586 -20.95000000000314
-52.05000000000585 -42.4500000000027
-52.05000000000585 -20.500000000003133
-52.10000000000585 -42.65000000000269
-52.10000000000585 -20.25000000000313
-52.150000000005846 -42.80000000000268
-52.150000000005846 -20.050000000003127
-52.20000000000584 -43.00000000000267
-52.25000000000584 -43.15000000000266
-52.25000000000584 -19.60000000000312
-52.30000000000584 -43.300000000002655
-52.30000000000584 -19.400000000003118
-52.350000000005835 -19.200000000003115
-52.40000000000583 -43.650000000002635
-52.45000000000583 -43.800000000002626
-52.50000000000583 -43.95000000000262
-52.550000000005824 -44.10000000000261
-52.60000000000582 -44.2500000000026
-52.65000000000582 -44.40000000000259
-52.65000000000582 -18.000000000003098
-52.700000000005815 -44.55000000000258
-52.700000000005815 -17.800000000003095
-52.75000000000581 -17.600000000003092
-52.80000000000581 -44.80000000000257
-52.85000000000581 -44.95000000000256
-52.85000000000581 -17.250000000003087
-52.900000000005804 -17.050000000003084
-52.9500000000058 -45.20000000000255
-53.0000000000058 -45.35000000000254
-53.0000000000058 -16.70000000000308
-53.10000000000579 -45.600000000002524
-53.10000000000579 -16.350000000003075
-53.20000000000579 -45.85000000000251
-53.20000000000579 -16.00000000000307
-53.250000000005784 -15.850000000003067
-53.30000000000578 -46.100000000002495
-53.35000000000578 -46.20000000000249
-53.35000000000578 -15.500000000003062
-53.400000000005775 -15.35000000000306
-53.45000000000577 -46.450000000002476
-53.50000000000577 -46.55000000000247
-53.55000000000577 -14.850000000003053
-53.600000000005764 -14.700000000003051
-53.65000000000576 -46.90000000000245
-53.65000000000576 -14.550000000003049
-53.70000000000576 -47.000000000002444
-53.70000000000576 -14.400000000003047
-53.750000000005755 -47.10000000000244
-53.750000000005755 -14.250000000003045
-53.80000000000575 -14.100000000003043
-53.85000000000575 -13.95000000000304
-53.90000000000575 -13.800000000003038
-53.950000000005744 -13.650000000003036
-54.00000000000574 -13.500000000003034
-54.05000000000574 -13.350000000003032
-54.100000000005736 -13.20000000000303
-54.15000000000573 -13.050000000003028
-54.35000000000572 -12.50000000000302
-54.40000000000572 -48.400000000002365
-54.40000000000572 -12.350000000003018
-54.450000000005716 -48.50000000000236
-54.50000000000571 -48.60000000000235
-54.55000000000571 -11.950000000003012
-54.7000000000057 -48.95000000000233
-54.7000000000057 -11.550000000003006
-54.7500000000057 -49.05000000000233
-54.85000000000569 -11.150000000003
-54.90000000000569 -49.30000000000231
-54.95000000000569 -10.900000000002997
-55.05000000000568 -49.5500000000023
-55.05000000000568 -10.650000000002994
-55.10000000000568 -49.650000000002294
-55.150000000005676 -10.40000000000299
-55.20000000000567 -49.800000000002285
-55.25000000000567 -10.150000000002986
-55.350000000005664 -50.05000000000227
-55.350000000005664 -9.900000000002983
-55.45000000000566 -50.20000000000226
-55.45000000000566 -9.65000000000298
-55.55000000000565 -50.350000000002254
-55.60000000000565 -9.300000000002974
-55.65000000000565 -50.500000000002245
-55.75000000000564 -50.65000000000224
-55.75000000000564 -8.95000000000297
-55.850000000005636 -50.80000000000223
-55.90000000000563 -8.600000000002964
-55.95000000000563 -50.95000000000222
-56.050000000005625 -51.10000000000221
-56.10000000000562 -8.150000000002958
-56.200000000005616 -51.3000000000022
-56.30000000000561 -51.45000000000219
-56.30000000000561 -7.700000000002957
-56.35000000000561 -7.600000000002957
-56.4500000000056 -51.65000000000218
-56.60000000000559 -51.85000000000217
-56.65000000000559 -6.95000000000296
-56.70000000000559 -6.85000000000296
-56.750000000005585 -52.05000000000216
-56.750000000005585 -6.75000000000296
-56.900000000005576 -52.250000000002146
-56.95000000000557 -52.30000000000214
-57.100000000005565 -52.50000000000213
-57.15000000000556 -52.55000000000213
-57.35000000000555 -52.800000000002115
-57.60000000000554 -53.1000000000021
-57.650000000005534 -53.150000000002095
-57.75000000000553 -4.750000000002967
-57.800000000005525 -4.650000000002968
-57.85000000000552 -4.550000000002968
-57.95000000000552 -53.500000000002075
-58.000000000005514 -53.55000000000207
-58.05000000000551 -53.60000000000207
-58.150000000005505 -4.00000000000297
-58.2000000000055 -3.9000000000029704
-58.45000000000549 -3.450000000002972
-58.500000000005485 -54.10000000000204
-58.500000000005485 -3.3500000000029724
-58.55000000000548 -54.15000000000204
-58.60000000000548 -54.200000000002035
-58.65000000000548 -54.25000000000203
-58.700000000005474 -54.30000000000203
-58.700000000005474 -3.0000000000029736
-58.75000000000547 -54.35000000000203
-58.80000000000547 -54.400000000002024
-58.850000000005465 -54.45000000000202
-58.90000000000546 -54.50000000000202
-58.90000000000546 -2.650000000002975
-58.95000000000546 -54.550000000002015
-59.00000000000546 -54.60000000000201
-59.050000000005454 -54.65000000000201
-59.050000000005454 -2.4000000000029758
-59.10000000000545 -54.70000000000201
-59.10000000000545 -2.300000000002976
-59.15000000000545 -54.750000000002004
-59.200000000005446 -54.800000000002
-59.25000000000544 -54.850000000002
-59.25000000000544 -2.050000000002977
-59.30000000000544 -54.900000000001995
-59.35000000000544 -54.95000000000199
-59.400000000005434 -55.00000000000199
-59.400000000005434 -1.800000000002977
-59.45000000000543 -55.05000000000199
-59.550000000005426 -1.5500000000029768
-59.70000000000542 -1.3000000000029766
-59.80000000000541 -1.1500000000029764
-59.9500000000054 -0.9000000000029762
-60.0000000000054 -55.55000000000196
-60.0500000000054 -55.600000000001955
-60.0500000000054 -0.7500000000029761
-60.100000000005394 -55.65000000000195
-60.20000000000539 -0.5000000000029758
-60.30000000000538 -0.3500000000029759
-60.40000000000538 -55.90000000000194
-60.40000000000538 -0.2000000000029759
-60.450000000005375 -55.950000000001936
-60.50000000000537 -56.00000000000193
-60.75000000000536 -56.20000000000192
-60.800000000005355 -56.25000000000192
-61.05000000000534 -56.45000000000191
-61.10000000000534 -56.500000000001904
-61.300000000005326 -56.650000000001896
-61.300000000005326 1.1499999999970245
-61.35000000000532 -56.70000000000189
-61.40000000000532 1.2999999999970246
-61.500000000005315 1.4499999999970248
-61.55000000000531 -56.850000000001884
-61.60000000000531 -56.90000000000188
-61.7500000000053 1.799999999997025
-61.8000000000053 -57.05000000000187
-62.000000000005286 -57.200000000001864
-62.000000000005286 2.149999999997025
-62.15000000000528 2.3499999999970242
-62.200000000005275 -57.350000000001856
-62.400000000005264 -57.50000000000185
-62.400000000005264 2.699999999997023
-62.550000000005255 -57.60000000000184
-62.550000000005255 2.8999999999970223
-62.70000000000525 3.0999999999970216
-62.750000000005244 -57.75000000000183
-62.85000000000524 3.299999999997021
-62.900000000005235 -57.85000000000183
-63.05000000000523 -57.95000000000182
-63.05000000000523 3.54999999999702
-63.20000000000522 3.7499999999970193
-63.40000000000521 3.9999999999970184
-63.600000000005195 4.2499999999970175
-63.800000000005184 -58.45000000000179
-63.800000000005184 4.499999999997017
-63.950000000005176 -58.55000000000179
-64.00000000000517 4.749999999997016
-64.10000000000517 -58.65000000000178
-64.25000000000516 5.049999999997015
-64.35000000000515 -58.80000000000177
-64.50000000000514 -58.90000000000177
-64.50000000000514 5.349999999997014
-64.75000000000513 -59.05000000000176
-64.80000000000513 5.699999999997012
-65.00000000000512 -59.20000000000175
-65.10000000000511 -59.25000000000175
-65.10000000000511 6.049999999997011
-65.15000000000511 6.099999999997011
-65.3500000000051 -59.40000000000174
-65.50000000000509 6.4999999999970095
-65.55000000000508 6.549999999997009
-65.60000000000508 6.599999999997009
-65.70000000000508 -59.60000000000173
-65.80000000000507 -59.650000000001725
-66.05000000000506 7.099999999997007
-66.10000000000505 7.149999999997007
-66.15000000000505 -59.850000000001714
-66.15000000000505 7.199999999997007
-66.25000000000504 -59.90000000000171
-66.35000000000504 -59.95000000000171
-67.20000000000499 -60.40000000000168
-67.30000000000499 -60.45000000000168
-68.15000000000494 -60.85000000000166
-68.25000000000493 -60.900000000001654
-68.35000000000493 -60.95000000000165
-68.45000000000492 -61.00000000000165
-68.45000000000492 9.499999999997025
-68.50000000000492 9.549999999997025
-68.55000000000491 9.599999999997026
-68.60000000000491 9.649999999997027
-68.8000000000049 -61.15000000000164
-68.9000000000049 -61.20000000000164
-69.10000000000488 10.099999999997033
-69.15000000000488 10.149999999997034
-69.25000000000487 -61.35000000000163
-69.35000000000487 -61.400000000001626
-69.55000000000486 10.499999999997039
-69.60000000000485 -61.50000000000162
-69.60000000000485 10.54999999999704
-69.70000000000485 -61.55000000000162
-69.95000000000483 -61.65000000000161
-69.95000000000483 10.849999999997044
-70.20000000000482 -61.750000000001606
-70.30000000000481 -61.8000000000016
-70.30000000000481 11.149999999997048
-70.4500000000048 -61.8500000000016
-70.5500000000048 -61.9000000000016
-70.6000000000048 11.399999999997052
-70.70000000000479 -61.950000000001594
-70.85000000000478 11.599999999997054
-70.90000000000478 11.649999999997055
-70.95000000000478 -62.05000000000159
-71.15000000000477 11.849999999997058
-71.20000000000476 -62.15000000000158
-71.40000000000475 12.04999999999706
-71.60000000000474 -62.300000000001575
-71.60000000000474 12.199999999997063
-71.85000000000473 12.399999999997066
-72.00000000000472 -62.450000000001566
-72.05000000000472 12.549999999997068
-72.15000000000471 -62.50000000000156
-72.2500000000047 12.69999999999707
-72.3000000000047 -62.55000000000156
-72.45000000000469 12.849999999997072
-72.65000000000468 12.999999999997074
-72.70000000000468 -62.70000000000155
-72.85000000000467 -62.75000000000155
-72.85000000000467 13.149999999997076
-73.00000000000466 -62.800000000001546
-73.15000000000465 -62.85000000000154
-73.20000000000465 13.39999999999708
-73.30000000000464 -62.90000000000154
-73.45000000000464 -62.95000000000154
-73.55000000000463 13.649999999997084
-73.60000000000463 -63.000000000001535
-73.70000000000462 13.749999999997085
-73.75000000000462 -63.05000000000153
-74.0500000000046 13.999999999997089
-74.2000000000046 14.09999999999709
-74.35000000000458 14.199999999997091
-74.40000000000458 -63.25000000000152
-74.50000000000458 14.299999999997093
-74.55000000000457 -63.30000000000152
-74.65000000000457 14.399999999997094
-74.80000000000456 14.499999999997096
-75.05000000000454 -63.45000000000151
-75.20000000000454 14.7499999999971
-75.35000000000453 14.8499999999971
-75.40000000000452 -63.5500000000015
-75.55000000000452 -63.6000000000015
-75.7500000000045 -63.6500000000015
-75.7500000000045 15.099999999997104
-75.9000000000045 -63.700000000001495
-76.00000000000449 15.249999999997106
-76.10000000000448 -63.75000000000149
-76.25000000000448 15.399999999997108
-76.45000000000447 -63.85000000000149
-76.50000000000446 15.54999999999711
-76.65000000000445 -63.900000000001484
-76.75000000000445 15.699999999997113
-76.85000000000444 -63.95000000000148
-77.10000000000443 15.899999999997116
-77.20000000000442 -64.05000000000148
-77.40000000000441 -64.10000000000147
-77.45000000000441 16.099999999997117
-77.5500000000044 16.149999999997117
-77.6000000000044 -64.15000000000147
-77.80000000000439 -64.20000000000147
-77.90000000000438 16.34999999999712
-78.00000000000438 -64.25000000000146
-78.00000000000438 16.39999999999712
-78.10000000000437 16.44999999999712
-78.20000000000437 -64.30000000000146
-78.65000000000434 -64.40000000000146
-78.75000000000433 16.799999999997127
-78.85000000000433 -64.45000000000145
-78.85000000000433 16.849999999997127
-78.95000000000432 16.899999999997128
-79.05000000000432 -64.50000000000145
-79.05000000000432 16.94999999999713
-79.15000000000431 16.99999999999713
-79.2500000000043 17.04999999999713
-79.3000000000043 -64.55000000000145
-79.3500000000043 17.09999999999713
-79.4500000000043 17.14999999999713
-79.50000000000429 -64.60000000000144
-79.55000000000429 17.199999999997132
-79.65000000000428 17.249999999997133
-79.75000000000428 -64.65000000000144
-79.75000000000428 17.299999999997134
-79.85000000000427 17.349999999997134
-80.20000000000425 -64.75000000000144
-80.45000000000424 -64.80000000000143
-80.50000000000423 17.64999999999714
-80.60000000000423 17.69999999999714
-80.70000000000422 -64.85000000000143
-80.95000000000421 -64.90000000000143
-81.0500000000042 17.899999999997142
-81.1500000000042 17.949999999997143
-81.2000000000042 -64.95000000000142
-81.45000000000418 -65.00000000000142
-81.50000000000418 18.099999999997145
-81.70000000000417 -65.05000000000142
-81.85000000000416 18.249999999997147
-82.20000000000414 18.39999999999715
-82.25000000000414 -65.15000000000141
-82.45000000000412 18.49999999999715
-82.50000000000412 -65.20000000000141
-82.70000000000411 18.599999999997152
-82.8000000000041 -65.2500000000014
-82.9500000000041 18.699999999997154
-83.10000000000409 -65.3000000000014
-83.20000000000408 18.799999999997155
-83.35000000000407 18.849999999997156
-83.40000000000407 -65.3500000000014
-83.60000000000406 18.949999999997157
-83.70000000000405 -65.4000000000014
-84.00000000000404 -65.4500000000014
-84.00000000000404 19.09999999999716
-84.15000000000403 19.14999999999716
-84.30000000000402 -65.50000000000139
-84.650000000004 -65.55000000000139
-84.85000000000399 19.399999999997164
-84.95000000000398 -65.60000000000139
-85.00000000000398 19.449999999997164
-85.15000000000397 19.499999999997165
-85.30000000000396 -65.65000000000138
-85.30000000000396 19.549999999997166
-85.45000000000395 19.599999999997166
-85.60000000000394 19.649999999997167
-85.65000000000394 -65.70000000000138
-86.00000000000392 -65.75000000000138
-86.05000000000392 -65.75000000000138
-86.10000000000392 19.79999999999717
-86.25000000000391 19.84999999999717
-86.4000000000039 -65.80000000000138
-86.4000000000039 19.89999999999717
-86.75000000000388 19.999999999997172
-86.80000000000388 -65.85000000000137
-87.10000000000386 20.099999999997173
-87.15000000000386 -65.90000000000137
-87.20000000000385 -65.90000000000137
-87.45000000000384 20.199999999997175
-87.60000000000383 -65.95000000000137
-87.65000000000383 20.249999999997176
-88.00000000000381 -66.00000000000136
-88.00000000000381 20.349999999997177
-88.0500000000038 -66.00000000000136
-88.2000000000038 20.399999999997178
-88.40000000000379 20.44999999999718
-88.45000000000378 -66.05000000000136
-88.50000000000378 -66.05000000000136
-88.60000000000377 20.49999999999718
-88.80000000000376 20.54999999999718
-88.95000000000375 -66.10000000000136
-89.00000000000375 20.59999999999718
-89.45000000000373 -66.15000000000136
-89.45000000000373 20.699999999997182
-89.65000000000371 20.749999999997183
-89.9000000000037 20.799999999997183
-89.9500000000037 -66.20000000000135
-90.0000000000037 -66.20000000000135
-90.10000000000369 20.849999999997184
-90.35000000000367 20.899999999997185
-90.50000000000367 -66.25000000000135
-90.55000000000366 -66.25000000000135
-90.60000000000366 20.949999999997186
-90.85000000000365 20.999999999997186
-91.10000000000363 -66.30000000000135
-91.10000000000363 21.049999999997187
-91.15000000000363 -66.30000000000135
-91.40000000000362 21.099999999997188
-91.6500000000036 21.14999999999719
-91.7000000000036 -66.35000000000134
-91.7500000000036 -66.35000000000134
-91.80000000000359 -66.35000000000134
-91.95000000000358 21.19999999999719
-92.25000000000357 21.24999999999719
-92.40000000000356 -66.40000000000134
-92.45000000000356 -66.40000000000134
-92.50000000000355 -66.40000000000134
-92.55000000000355 21.29999999999719
-92.90000000000353 21.34999999999719
-93.15000000000352 -66.45000000000134
-93.20000000000351 -66.45000000000134
-93.20000000000351 21.399999999997192
-93.25000000000351 -66.45000000000134
-93.25000000000351 21.399999999997192
-93.60000000000349 21.449999999997193
-93.95000000000347 21.499999999997193
-94.00000000000347 21.499999999997193
-94.05000000000346 -66.50000000000134
-94.10000000000346 -66.50000000000134
-94.15000000000346 -66.50000000000134
-94.40000000000344 21.549999999997194
-94.85000000000342 21.599999999997195
-95.1000000000034 -66.55000000000133
-95.1500000000034 -66.55000000000133
-95.2000000000034 -66.55000000000133
-95.3000000000034 21.649999999997195
-95.35000000000339 21.649999999997195
-95.85000000000336 21.699999999997196
-95.90000000000336 21.699999999997196
-96.40000000000333 -66.60000000000133
-96.45000000000333 -66.60000000000133
-96.50000000000333 -66.60000000000133
-96.50000000000333 21.749999999997197
-96.55000000000332 -66.60000000000133
-96.55000000000332 21.749999999997197
-96.60000000000332 -66.60000000000133
-96.60000000000332 21.749999999997197
-96.65000000000332 -66.60000000000133
-97.35000000000328 21.799999999997198
-97.40000000000327 21.799999999997198
-97.45000000000327 21.799999999997198
-98.6500000000032 21.8499999999972
-98.7000000000032 21.8499999999972
-98.7500000000032 21.8499999999972
-98.8000000000032 21.8499999999972
-98.85000000000319 21.8499999999972
-98.90000000000319 21.8499999999972
-98.95000000000319 21.8499999999972
-99.00000000000318 21.8499999999972
-99.20000000000317 -66.65000000000133
-99.25000000000317 -66.65000000000133
-99.30000000000317 -66.65000000000133
-99.35000000000316 -66.65000000000133
-99.40000000000316 -66.65000000000133
-99.45000000000316 -66.65000000000133
-99.50000000000315 -66.65000000000133
-99.55000000000315 -66.65000000000133
-99.60000000000315 -66.65000000000133
-99.65000000000315 -66.65000000000133
-99.70000000000314 -66.65000000000133
-99.75000000000314 -66.65000000000133
-99.80000000000314 -66.65000000000133
-99.85000000000313 -66.65000000000133
-99.90000000000313 -66.65000000000133
-99.95000000000313 -66.65000000000133
-100.00000000000313 -66.65000000000133
-100.05000000000312 -66.65000000000133
-100.10000000000312 -66.65000000000133
-100.15000000000312 -66.65000000000133
-100.20000000000312 -66.65000000000133
-100.25000000000311 -66.65000000000133
-100.30000000000311 -66.65000000000133
-100.5000000000031 21.8499999999972
-100.5500000000031 21.8499999999972
-100.60000000000309 21.8499999999972
-100.65000000000309 21.8499999999972
-100.70000000000309 21.8499999999972
-100.75000000000308 21.8499999999972
-100.80000000000308 21.8499999999972
-100.85000000000308 21.8499999999972
-102.05000000000301 21.799999999997198
-102.100000000003 21.799999999997198
-102.150000000003 21.799999999997198
-102.85000000000296 -66.60000000000133
-102.90000000000296 -66.60000000000133
-102.90000000000296 21.749999999997197
-102.95000000000296 -66.60000000000133
-102.95000000000296 21.749999999997197
-103.00000000000296 -66.60000000000133
-103.00000000000296 21.749999999997197
-103.05000000000295 -66.60000000000133
-103.10000000000295 -66.60000000000133
-103.60000000000292 21.699999999997196
-103.65000000000292 21.699999999997196
-104.15000000000289 21.649999999997195
-104.20000000000289 21.649999999997195
-104.30000000000288 -66.55000000000133
-104.35000000000288 -66.55000000000133
-104.40000000000288 -66.55000000000133
-104.65000000000286 21.599999999997195
-105.10000000000284 21.549999999997194
-105.35000000000282 -66.50000000000134
-105.40000000000282 -66.50000000000134
-105.45000000000282 -66.50000000000134
-105.50000000000281 21.499999999997193
-105.55000000000281 21.499999999997193
-105.90000000000279 21.449999999997193
-106.25000000000277 -66.45000000000134
-106.25000000000277 21.399999999997192
-106.30000000000277 -66.45000000000134
-106.30000000000277 21.399999999997192
-106.35000000000277 -66.45000000000134
-106.60000000000275 21.34999999999719
-106.95000000000273 21.29999999999719
-107.00000000000273 -66.40000000000134
-107.05000000000273 -66.40000000000134
-107.10000000000272 -66.40000000000134
-107.25000000000271 21.24999999999719
-107.5500000000027 21.19999999999719
-107.70000000000269 -66.35000000000134
-107.75000000000269 -66.35000000000134
-107.80000000000268 -66.35000000000134
-107.85000000000268 21.14999999999719
-108.10000000000267 21.099999999997188
-108.35000000000265 -66.30000000000135
-108.40000000000265 -66.30000000000135
-108.40000000000265 21.049999999997187
-108.65000000000263 20.999999999997186
-108.90000000000262 20.949999999997186
-108.95000000000262 -66.25000000000135
-109.00000000000261 -66.25000000000135
-109.1500000000026 20.899999999997185
-109.40000000000259 20.849999999997184
-109.50000000000259 -66.20000000000135
-109.55000000000258 -66.20000000000135
-109.60000000000258 20.799999999997183
-109.85000000000257 20.749999999997183
-110.05000000000256 -66.15000000000136
-110.05000000000256 20.699999999997182
-110.50000000000253 20.59999999999718
-110.55000000000253 -66.10000000000136
-110.70000000000252 20.54999999999718
-110.9000000000025 20.49999999999718
-111.0000000000025 -66.05000000000136
-111.0500000000025 -66.05000000000136
-111.1000000000025 20.44999999999718
-111.30000000000248 20.399999999997178
-111.45000000000248 -66.00000000000136
-111.50000000000247 -66.00000000000136
-111.50000000000247 20.349999999997177
-111.85000000000245 20.249999999997176
-111.90000000000245 -65.95000000000137
-112.05000000000244 20.199999999997175
-112.30000000000243 -65.90000000000137
-112.35000000000242 -65.90000000000137
-112.40000000000242 20.099999999997173
-112.7000000000024 -65.85000000000137
-112.7500000000024 19.999999999997172
-113.10000000000238 -65.80000000000138
-113.10000000000238 19.89999999999717
-113.25000000000237 19.84999999999717
-113.40000000000236 19.79999999999717
-113.45000000000236 -65.75000000000138
-113.50000000000236 -65.75000000000138
-113.85000000000234 -65.70000000000138
-113.90000000000234 19.649999999997167
-114.05000000000233 19.599999999997166
-114.20000000000232 -65.65000000000138
-114.20000000000232 19.549999999997166
-114.35000000000231 19.499999999997165
-114.5000000000023 19.449999999997164
-114.5500000000023 -65.60000000000139
-114.6500000000023 19.399999999997164
-114.85000000000228 -65.55000000000139
-115.20000000000226 -65.50000000000139
-115.35000000000225 19.14999999999716
-115.50000000000225 -65.4500000000014
-115.50000000000225 19.09999999999716
-115.80000000000223 -65.4000000000014
-115.90000000000222 18.949999999997157
-116.10000000000221 -65.3500000000014
-116.15000000000221 18.849999999997156
-116.3000000000022 18.799999999997155
-116.4000000000022 -65.3000000000014
-116.55000000000219 18.699999999997154
-116.70000000000218 -65.2500000000014
-116.80000000000217 18.599999999997152
-117.00000000000216 -65.20000000000141
-117.05000000000216 18.49999999999715
-117.25000000000215 -65.15000000000141
-117.30000000000214 18.39999999999715
-117.65000000000212 18.249999999997147
-117.80000000000211 -65.05000000000142
-118.0000000000021 18.099999999997145
-118.0500000000021 -65.00000000000142
-118.30000000000209 -64.95000000000142
-118.35000000000208 17.949999999997143
-118.45000000000208 17.899999999997142
-118.55000000000207 -64.90000000000143
-118.80000000000206 -64.85000000000143
-118.90000000000205 17.69999999999714
-119.00000000000205 17.64999999999714
-119.05000000000204 -64.80000000000143
-119.30000000000203 -64.75000000000144
-119.65000000000201 17.349999999997134
-119.750000000002 -64.65000000000144
-119.750000000002 17.299999999997134
-119.850000000002 17.249999999997133
-119.95000000000199 17.199999999997132
-120.00000000000199 -64.60000000000144
-120.05000000000199 17.14999999999713
-120.15000000000198 17.09999999999713
-120.20000000000198 -64.55000000000145
-120.25000000000198 17.04999999999713
-120.35000000000197 16.99999999999713
-120.45000000000196 -64.50000000000145
-120.45000000000196 16.94999999999713
-120.55000000000196 16.899999999997128
-120.65000000000195 -64.45000000000145
-120.65000000000195 16.849999999997127
-120.75000000000195 16.799999999997127
-120.85000000000194 -64.40000000000146
-121.30000000000192 -64.30000000000146
-121.40000000000191 16.44999999999712
-121.5000000000019 -64.25000000000146
-121.5000000000019 16.39999999999712
-121.6000000000019 16.34999999999712
-121.70000000000189 -64.20000000000147
-121.90000000000188 -64.15000000000147
-121.95000000000188 16.149999999997117
-122.05000000000187 16.099999999997117
-122.10000000000187 -64.10000000000147
-122.30000000000186 -64.05000000000148
-122.40000000000185 15.899999999997116
-122.65000000000184 -63.95000000000148
-122.75000000000183 15.699999999997113
-122.85000000000183 -63.900000000001484
-123.00000000000182 15.54999999999711
-123.05000000000182 -63.85000000000149
-123.2500000000018 15.399999999997108
-123.4000000000018 -63.75000000000149
-123.50000000000179 15.249999999997106
-123.60000000000178 -63.700000000001495
-123.75000000000178 -63.6500000000015
-123.75000000000178 15.099999999997104
-123.95000000000176 -63.6000000000015
-124.10000000000176 -63.5500000000015
-124.15000000000175 14.8499999999971
-124.30000000000175 14.7499999999971
-124.45000000000174 -63.45000000000151
-124.70000000000172 14.499999999997096
-124.85000000000171 14.399999999997094
-124.95000000000171 -63.30000000000152
-125.0000000000017 14.299999999997093
-125.1000000000017 -63.25000000000152
-125.1500000000017 14.199999999997091
-125.30000000000169 14.09999999999709
-125.45000000000168 13.999999999997089
-125.75000000000166 -63.05000000000153
-125.80000000000166 13.749999999997085
-125.90000000000165 -63.000000000001535
-125.95000000000165 13.649999999997084
-126.05000000000165 -62.95000000000154
-126.20000000000164 -62.90000000000154
-126.30000000000163 13.39999999999708
-126.35000000000163 -62.85000000000154
-126.50000000000162 -62.800000000001546
-126.65000000000161 -62.75000000000155
-126.65000000000161 13.149999999997076
-126.8000000000016 -62.70000000000155
-126.8500000000016 12.999999999997074
-127.05000000000159 12.849999999997072
-127.20000000000158 -62.55000000000156
-127.25000000000158 12.69999999999707
-127.35000000000157 -62.50000000000156
-127.45000000000157 12.549999999997068
-127.50000000000156 -62.450000000001566
-127.65000000000155 12.399999999997066
-127.90000000000154 -62.300000000001575
-127.90000000000154 12.199999999997063
-128.10000000000156 12.04999999999706
-128.3000000000016 -62.15000000000158
-128.35000000000161 11.849999999997058
-128.55000000000166 -62.05000000000159
-128.60000000000167 11.649999999997055
-128.65000000000168 11.599999999997054
-128.80000000000172 -61.950000000001594
-128.90000000000174 11.399999999997052
-128.95000000000175 -61.9000000000016
-129.05000000000177 -61.8500000000016
-129.2000000000018 -61.8000000000016
-129.2000000000018 11.149999999997048
-129.30000000000183 -61.750000000001606
-129.5500000000019 -61.65000000000161
-129.5500000000019 10.849999999997044
-129.80000000000194 -61.55000000000162
-129.90000000000197 -61.50000000000162
-129.90000000000197 10.54999999999704
-129.95000000000198 10.499999999997039
-130.15000000000202 -61.400000000001626
-130.25000000000205 -61.35000000000163
-130.35000000000207 10.149999999997034
-130.40000000000208 10.099999999997033
-130.60000000000213 -61.20000000000164
-130.70000000000215 -61.15000000000164
-130.9000000000022 9.649999999997027
-130.9500000000022 9.599999999997026
-131.00000000000222 9.549999999997025
-131.05000000000223 -61.00000000000165
-131.05000000000223 9.499999999997025
-131.15000000000225 -60.95000000000165
-131.25000000000227 -60.900000000001654
-131.3500000000023 -60.85000000000166
-132.2000000000025 -60.45000000000168
-132.3000000000025 -60.40000000000168
-133.1500000000027 -59.95000000000171
-133.25000000000273 -59.90000000000171
-133.35000000000275 -59.850000000001714
-133.35000000000275 7.199999999997007
-133.40000000000276 7.149999999997007
-133.45000000000277 7.099999999997007
-133.70000000000283 -59.650000000001725
-133.80000000000285 -59.60000000000173
-133.90000000000288 6.599999999997009
-133.9500000000029 6.549999999997009
-134.0000000000029 6.4999999999970095
-134.15000000000293 -59.40000000000174
-134.35000000000298 6.099999999997011
-134.400000000003 -59.25000000000175
-134.400000000003 6.049999999997011
-134.500000000003 -59.20000000000175
-134.70000000000306 5.699999999997012
-134.75000000000307 -59.05000000000176
-135.00000000000313 -58.90000000000177
-135.00000000000313 5.349999999997014
-135.15000000000316 -58.80000000000177
-135.25000000000318 5.049999999997015
-135.40000000000322 -58.65000000000178
-135.50000000000324 4.749999999997016
-135.55000000000325 -58.55000000000179
-135.70000000000329 -58.45000000000179
-135.70000000000329 4.499999999997017
-135.90000000000333 4.2499999999970175
-136.10000000000338 3.9999999999970184
-136.30000000000342 3.7499999999970193
-136.45000000000346 -57.95000000000182
-136.45000000000346 3.54999999999702
-136.6000000000035 -57.85000000000183
-136.6500000000035 3.299999999997021
-136.75000000000352 -57.75000000000183
-136.80000000000354 3.0999999999970216
-136.95000000000357 -57.60000000000184
-136.95000000000357 2.8999999999970223
-137.1000000000036 -57.50000000000185
-137.1000000000036 2.699999999997023
-137.30000000000365 -57.350000000001856
-137.35000000000366 2.3499999999970242
-137.5000000000037 -57.200000000001864
-137.5000000000037 2.149999999997025
-137.70000000000374 -57.05000000000187
-137.75000000000375 1.799999999997025
-137.90000000000379 -56.90000000000188
-137.9500000000038 -56.850000000001884
-138.0000000000038 1.4499999999970248
-138.10000000000383 1.2999999999970246
-138.15000000000384 -56.70000000000189
-138.20000000000385 -56.650000000001896
-138.20000000000385 1.1499999999970245
-138.4000000000039 -56.500000000001904
-138.4500000000039 -56.45000000000191
-138.70000000000397 -56.25000000000192
-138.75000000000398 -56.20000000000192
-139.00000000000404 -56.00000000000193
-139.05000000000405 -55.950000000001936
-139.10000000000406 -55.90000000000194
-139.10000000000406 -0.2000000000029759
-139.20000000000408 -0.3500000000029759
-139.3000000000041 -0.5000000000029758
-139.40000000000413 -55.65000000000195
-139.45000000000414 -55.600000000001955
-139.45000000000414 -0.7500000000029761
-139.50000000000415 -55.55000000000196
-139.55000000000416 -0.9000000000029762
-139.7000000000042 -1.1500000000029764
-139.80000000000422 -1.3000000000029766
-139.95000000000425 -1.5500000000029768
-140.05000000000427 -55.05000000000199
-140.1000000000043 -55.00000000000199
-140.1000000000043 -1.800000000002977
-140.1500000000043 -54.95000000000199
-140.2000000000043 -54.900000000001995
-140.25000000000432 -54.850000000002
-140.25000000000432 -2.050000000002977
-140.30000000000433 -54.800000000002
-140.35000000000434 -54.750000000002004
-140.40000000000435 -54.70000000000201
-140.40000000000435 -2.300000000002976
-140.45000000000437 -54.65000000000201
-140.45000000000437 -2.4000000000029758
-140.50000000000438 -54.60000000000201
-140.5500000000044 -54.550000000002015
-140.6000000000044 -54.50000000000202
-140.6000000000044 -2.650000000002975
-140.6500000000044 -54.45000000000202
-140.70000000000442 -54.400000000002024
-140.75000000000443 -54.35000000000203
-140.80000000000445 -54.30000000000203
-140.80000000000445 -3.0000000000029736
-140.85000000000446 -54.25000000000203
-140.90000000000447 -54.200000000002035
-140.95000000000448 -54.15000000000204
-141.0000000000045 -54.10000000000204
-141.0000000000045 -3.3500000000029724
-141.0500000000045 -3.450000000002972
-141.30000000000456 -3.9000000000029704
-141.35000000000457 -4.00000000000297
-141.4500000000046 -53.60000000000207
-141.5000000000046 -53.55000000000207
-141.55000000000462 -53.500000000002075
-141.65000000000464 -4.550000000002968
-141.70000000000465 -4.650000000002968
-141.75000000000466 -4.750000000002967
-141.85000000000468 -53.150000000002095
-141.9000000000047 -53.1000000000021
-142.15000000000475 -52.800000000002115
-142.3500000000048 -52.55000000000213
-142.4000000000048 -52.50000000000213
-142.55000000000484 -52.30000000000214
-142.60000000000485 -52.250000000002146
-142.7500000000049 -52.05000000000216
-142.7500000000049 -6.75000000000296
-142.8000000000049 -6.85000000000296
-142.8500000000049 -6.95000000000296
-142.90000000000492 -51.85000000000217
-143.05000000000496 -51.65000000000218
-143.15000000000498 -7.600000000002957
-143.200000000005 -51.45000000000219
-143.200000000005 -7.700000000002957
-143.300000000005 -51.3000000000022
-143.40000000000504 -8.150000000002958
-143.45000000000505 -51.10000000000221
-143.55000000000507 -50.95000000000222
-143.60000000000508 -8.600000000002964
-143.6500000000051 -50.80000000000223
-143.75000000000512 -50.65000000000224
-143.75000000000512 -8.95000000000297
-143.85000000000514 -50.500000000002245
-143.90000000000515 -9.300000000002974
-143.95000000000516 -50.350000000002254
-144.05000000000518 -50.20000000000226
-144.05000000000518 -9.65000000000298
-144.1500000000052 -50.05000000000227
-144.1500000000052 -9.900000000002983
-144.25000000000523 -10.150000000002986
-144.30000000000524 -49.800000000002285
-144.35000000000525 -10.40000000000299
-144.40000000000526 -49.650000000002294
-144.45000000000528 -49.5500000000023
-144.45000000000528 -10.650000000002994
-144.5500000000053 -10.900000000002997
-144.6000000000053 -49.30000000000231
-144.65000000000532 -11.150000000003
-144.75000000000534 -49.05000000000233
-144.80000000000535 -48.95000000000233
-144.80000000000535 -11.550000000003006
-144.9500000000054 -11.950000000003012
-145.0000000000054 -48.60000000000235
-145.0500000000054 -48.50000000000236
-145.10000000000542 -48.400000000002365
-145.10000000000542 -12.350000000003018
-145.15000000000543 -12.50000000000302
-145.35000000000548 -13.050000000003028
-145.4000000000055 -13.20000000000303
-145.4500000000055 -13.350000000003032
-145.5000000000055 -13.500000000003034
-145.55000000000553 -13.650000000003036
-145.60000000000554 -13.800000000003038
-145.65000000000555 -13.95000000000304
-145.70000000000556 -14.100000000003043
-145.75000000000557 -47.10000000000244
-145.75000000000557 -14.250000000003045
-145.80000000000558 -47.000000000002444
-145.80000000000558 -14.400000000003047
-145.8500000000056 -46.90000000000245
-145.8500000000056 -14.550000000003049
-145.9000000000056 -14.700000000003051
-145.95000000000562 -14.850000000003053
-146.00000000000563 -46.55000000000247
-146.05000000000564 -46.450000000002476
-146.10000000000565 -15.35000000000306
-146.15000000000566 -46.20000000000249
-146.15000000000566 -15.500000000003062
-146.20000000000567 -46.100000000002495
-146.25000000000568 -15.850000000003067
-146.3000000000057 -45.85000000000251
-146.3000000000057 -16.00000000000307
-146.40000000000572 -45.600000000002524
-146.40000000000572 -16.350000000003075
-146.50000000000574 -45.35000000000254
-146.50000000000574 -16.70000000000308
-146.55000000000575 -45.20000000000255
-146.60000000000576 -17.050000000003084
-146.65000000000578 -44.95000000000256
-146.65000000000578 -17.250000000003087
-146.7000000000058 -44.80000000000257
-146.7500000000058 -17.600000000003092
-146.8000000000058 -44.55000000000258
-146.8000000000058 -17.800000000003095
-146.85000000000582 -44.40000000000259
-146.85000000000582 -18.000000000003098
-146.90000000000583 -44.2500000000026
-146.95000000000584 -44.10000000000261
-147.00000000000585 -43.95000000000262
-147.05000000000587 -43.800000000002626
-147.10000000000588 -43.650000000002635
-147.1500000000059 -19.200000000003115
-147.2000000000059 -43.300000000002655
-147.2000000000059 -19.400000000003118
-147.2500000000059 -43.15000000000266
-147.2500000000059 -19.60000000000312
-147.30000000000592 -43.00000000000267
-147.35000000000593 -42.80000000000268
-147.35000000000593 -20.050000000003127
-147.40000000000595 -42.65000000000269
-147.40000000000595 -20.25000000000313
-147.45000000000596 -42.4500000000027
-147.45000000000596 -20.500000000003133
-147.55000000000598 -42.10000000000272
-147.55000000000598 -20.95000000000314
-147.600000000006 -41.900000000002734
-147.600000000006 -21.200000000003143
-147.650000000006 -41.700000000002746
-147.650000000006 -21.450000000003147
-147.700000000006 -41.50000000000276
-147.700000000006 -21.70000000000315
-147.75000000000603 -41.30000000000277
-147.75000000000603 -21.950000000003154
-147.80000000000604 -41.05000000000278
-147.80000000000604 -22.25000000000316
-147.85000000000605 -40.850000000002794
-147.85000000000605 -22.500000000003162
-147.90000000000606 -40.60000000000281
-147.90000000000606 -22.800000000003166
-147.95000000000607 -40.40000000000282
-147.95000000000607 -23.05000000000317
-148.00000000000608 -40.150000000002834
-148.00000000000608 -23.350000000003174
-148.0500000000061 -39.90000000000285
-148.0500000000061 -23.65000000000318
-148.1000000000061 -39.600000000002865
-148.1000000000061 -24.000000000003183
-148.15000000000612 -39.35000000000288
-148.15000000000612 -24.300000000003187
-148.20000000000613 -39.050000000002896
-148.20000000000613 -24.650000000003192
-148.25000000000614 -38.75000000000291
-148.25000000000614 -25.000000000003197
-148.30000000000615 -38.45000000000293
-148.30000000000615 -38.40000000000293
-148.30000000000615 -25.400000000003203
-148.30000000000615 -25.350000000003202
-148.35000000000616 -38.10000000000295
-148.35000000000616 -38.05000000000295
-148.35000000000616 -25.80000000000321
-148.35000000000616 -25.750000000003208
-148.40000000000617 -37.75000000000297
-148.40000000000617 -37.70000000000297
-148.40000000000617 -26.200000000003214
-148.40000000000617 -26.150000000003214
-148.45000000000618 -37.35000000000299
-148.45000000000618 -37.300000000002996
-148.45000000000618 -26.65000000000322
-148.45000000000618 -26.60000000000322
-148.5000000000062 -36.90000000000302
-148.5000000000062 -36.85000000000302
-148.5000000000062 -27.150000000003228
-148.5000000000062 -27.100000000003227
-148.5500000000062 -36.450000000003044
-148.5500000000062 -36.40000000000305
-148.5500000000062 -27.650000000003235
-148.5500000000062 -27.600000000003234
-148.60000000000622 -35.900000000003075
-148.60000000000622 -35.85000000000308
-148.60000000000622 -28.300000000003244
-148.60000000000622 -28.250000000003244
-148.60000000000622 -28.200000000003243
-148.65000000000623 -35.25000000000311
-148.65000000000623 -35.200000000003115
-148.65000000000623 -35.15000000000312
-148.65000000000623 -29.000000000003254
-148.65000000000623 -28.950000000003254
-148.65000000000623 -28.900000000003253
-148.70000000000624 -34.45000000000316
-148.70000000000624 -34.40000000000316
-148.70000000000624 -34.35000000000316
-148.70000000000624 -34.300000000003166
-148.70000000000624 -29.950000000003268
-148.70000000000624 -29.900000000003267
-148.70000000000624 -29.850000000003266
-148.70000000000624 -29.800000000003266
-148.75000000000625 -33.00000000000324
-148.75000000000625 -32.95000000000324
-148.75000000000625 -32.900000000003246
-148.75000000000625 -32.85000000000325
-148.75000000000625 -32.80000000000325
-148.75000000000625 -32.750000000003254
-148.75000000000625 -32.70000000000326
-148.75000000000625 -32.65000000000326
-148.75000000000625 -32.60000000000326
-148.75000000000625 -32.550000000003266
-148.75000000000625 -32.50000000000327
-148.75000000000625 -32.45000000000327
-148.75000000000625 -32.400000000003274
-148.75000000000625 -32.35000000000328
-148.75000000000625 -32.30000000000328
-148.75000000000625 -32.25000000000328
-148.75000000000625 -32.200000000003286
-148.75000000000625 -32.15000000000329
-148.75000000000625 -32.10000000000329
-148.75000000000625 -32.050000000003294
-148.75000000000625 -32.0000000000033
-148.75000000000625 -31.950000000003296
-148.75000000000625 -31.900000000003295
-148.75000000000625 -31.850000000003295
-148.75000000000625 -31.800000000003294
-148.75000000000625 -31.750000000003293
-148.75000000000625 -31.700000000003293
-148.75000000000625 -31.650000000003292
-148.75000000000625 -31.60000000000329
-148.75000000000625 -31.55000000000329
-148.75000000000625 -31.50000000000329
-148.75000000000625 -31.45000000000329
-148.75000000000625 -31.40000000000329
-148.75000000000625 -31.350000000003288
-148.75000000000625 -31.300000000003287
-148.75000000000625 -31.250000000003286
