179.89999999999998 -78.20000000000067
179.84999999999997 3.7499999999970193
179.74999999999994 -78.15000000000067
179.5999999999999 -78.10000000000068
179.5999999999999 3.299999999997021
179.34999999999985 -78.00000000000068
179.34999999999985 2.8499999999970225
179.19999999999982 -77.95000000000068
179.0999999999998 -77.90000000000069
179.04999999999978 2.2999999999970244
178.99999999999977 2.199999999997025
178.94999999999976 -77.85000000000069
178.6999999999997 -77.7500000000007
178.6999999999997 1.649999999997025
178.6499999999997 1.5499999999970249
178.59999999999968 1.4499999999970248
178.44999999999965 -77.6500000000007
178.34999999999962 -77.6000000000007
178.1999999999996 -77.55000000000071
178.14999999999958 0.5999999999970241
178.09999999999957 -77.50000000000071
178.09999999999957 0.49999999999702405
178.04999999999956 0.39999999999702407
177.99999999999955 0.2999999999970241
177.94999999999953 0.1999999999970241
177.89999999999952 0.0999999999970241
177.8499999999995 -77.40000000000072
177.7499999999995 -77.35000000000072
177.3999999999994 -77.20000000000073
177.2999999999994 -77.15000000000073
177.24999999999937 -1.2000000000029765
177.19999999999936 -77.10000000000073
177.19999999999936 -1.3000000000029766
177.14999999999935 -1.4000000000029766
177.09999999999934 -1.5000000000029767
177.04999999999933 -1.6000000000029768
176.99999999999932 -1.700000000002977
176.84999999999928 -76.95000000000074
176.74999999999926 -76.90000000000074
176.64999999999924 -76.85000000000075
176.54999999999922 -76.80000000000075
176.54999999999922 -2.650000000002975
176.4999999999992 -2.7500000000029745
176.4499999999992 -76.75000000000075
176.34999999999917 -76.70000000000076
176.24999999999915 -76.65000000000076
176.19999999999914 -3.400000000002972
176.14999999999912 -76.60000000000076
176.14999999999912 -3.500000000002972
176.0499999999991 -76.55000000000076
175.94999999999908 -76.50000000000077
175.89999999999907 -4.05000000000297
175.84999999999906 -76.45000000000077
175.74999999999903 -76.40000000000077
175.649999999999 -76.35000000000078
175.649999999999 -4.600000000002968
175.549999999999 -76.30000000000078
175.44999999999897 -5.050000000002966
175.24999999999892 -5.500000000002965
175.1999999999989 -76.10000000000079
175.0999999999989 -76.0500000000008
175.0999999999989 -5.8500000000029635
174.99999999999886 -76.0000000000008
174.94999999999885 -6.200000000002962
174.84999999999883 -75.9000000000008
174.79999999999882 -6.550000000002961
174.7499999999988 -75.8500000000008
174.64999999999878 -75.80000000000081
174.64999999999878 -6.90000000000296
174.49999999999875 -75.70000000000081
174.49999999999875 -7.2500000000029585
174.39999999999873 -75.65000000000082
174.2499999999987 -75.55000000000082
174.2499999999987 -7.850000000002956
174.14999999999867 -75.50000000000082
174.14999999999867 -8.100000000002957
173.99999999999864 -75.40000000000083
173.8999999999986 -8.700000000002966
173.8499999999986 -75.30000000000084
173.7999999999986 -8.95000000000297
173.69999999999857 -75.20000000000084
173.69999999999857 -9.200000000002973
173.59999999999854 -75.15000000000084
173.59999999999854 -9.450000000002976
173.4499999999985 -75.05000000000085
173.3499999999985 -10.100000000002986
173.29999999999848 -74.95000000000086
173.24999999999847 -10.35000000000299
173.14999999999844 -74.85000000000086
173.14999999999844 -10.600000000002993
173.09999999999843 -74.80000000000086
172.9999999999984 -11.000000000002998
172.9499999999984 -74.70000000000087
172.84999999999837 -11.400000000003004
172.79999999999836 -74.60000000000088
172.74999999999835 -74.55000000000088
172.74999999999835 -11.650000000003008
172.69999999999834 -11.80000000000301
172.59999999999832 -74.45000000000088
172.59999999999832 -12.050000000003013
172.5499999999983 -12.200000000003016
172.39999999999827 -74.30000000000089
172.39999999999827 -12.600000000003021
172.19999999999823 -74.1500000000009
172.19999999999823 -13.150000000003029
172.14999999999822 -74.1000000000009
171.99999999999818 -13.700000000003037
171.94999999999817 -73.95000000000091
171.94999999999817 -13.850000000003039
171.89999999999816 -73.90000000000092
171.74999999999812 -14.400000000003047
171.6999999999981 -73.75000000000092
171.6999999999981 -14.550000000003049
171.6499999999981 -73.70000000000093
171.6499999999981 -14.700000000003051
171.39999999999804 -73.50000000000094
171.34999999999803 -73.45000000000094
171.29999999999802 -73.40000000000094
171.249999999998 -15.850000000003067
171.199999999998 -16.00000000000307
171.149999999998 -16.15000000000307
171.09999999999798 -16.300000000003074
171.04999999999797 -16.450000000003076
170.99999999999795 -73.15000000000096
170.99999999999795 -16.600000000003078
170.94999999999794 -73.10000000000096
170.94999999999794 -16.75000000000308
170.89999999999793 -73.05000000000096
170.89999999999793 -16.900000000003082
170.84999999999792 -73.00000000000097
170.84999999999792 -17.050000000003084
170.7999999999979 -72.95000000000097
170.7999999999979 -17.200000000003087
170.7499999999979 -72.90000000000097
170.69999999999789 -72.85000000000097
170.44999999999783 -18.300000000003102
170.39999999999782 -18.450000000003104
170.3499999999978 -18.600000000003106
170.14999999999776 -19.250000000003116
170.09999999999775 -19.400000000003118
169.99999999999773 -72.15000000000101
169.94999999999771 -72.10000000000102
169.94999999999771 -19.900000000003125
169.8999999999977 -72.05000000000102
169.8999999999977 -20.050000000003127
169.8499999999977 -72.00000000000102
169.79999999999768 -71.95000000000103
169.74999999999767 -71.90000000000103
169.74999999999767 -20.550000000003134
169.59999999999764 -21.05000000000314
169.4999999999976 -71.60000000000105
169.4999999999976 -21.400000000003146
169.4499999999976 -71.55000000000105
169.4499999999976 -21.55000000000315
169.3999999999976 -71.50000000000105
169.34999999999758 -21.900000000003153
169.24999999999756 -22.25000000000316
169.19999999999754 -71.25000000000107
169.14999999999753 -71.20000000000107
169.14999999999753 -22.600000000003163
169.0499999999975 -22.95000000000317
168.9999999999975 -71.00000000000108
168.9499999999975 -70.95000000000108
168.9499999999975 -23.300000000003173
168.84999999999746 -23.65000000000318
168.79999999999745 -70.7500000000011
168.79999999999745 -23.85000000000318
168.69999999999743 -24.200000000003186
168.64999999999742 -70.5500000000011
168.64999999999742 -24.40000000000319
168.5499999999974 -24.750000000003194
168.49999999999739 -70.35000000000112
168.49999999999739 -24.950000000003197
168.39999999999736 -70.20000000000113
168.34999999999735 -70.15000000000113
168.34999999999735 -25.500000000003205
168.29999999999734 -25.700000000003207
168.24999999999733 -70.00000000000114
168.24999999999733 -25.90000000000321
168.1499999999973 -69.85000000000115
168.04999999999728 -69.70000000000115
168.04999999999728 -26.65000000000322
167.99999999999727 -26.850000000003224
167.94999999999726 -69.55000000000116
167.94999999999726 -27.050000000003227
167.89999999999725 -69.45000000000117
167.89999999999725 -27.25000000000323
167.84999999999724 -69.40000000000117
167.84999999999724 -27.450000000003232
167.79999999999723 -69.30000000000118
167.79999999999723 -27.650000000003235
167.74999999999721 -27.850000000003238
167.6999999999972 -69.15000000000119
167.6999999999972 -28.05000000000324
167.6499999999972 -69.05000000000119
167.6499999999972 -28.250000000003244
167.54999999999717 -68.9000000000012
167.49999999999716 -68.8000000000012
167.49999999999716 -28.900000000003253
167.44999999999715 -29.100000000003256
167.39999999999714 -29.30000000000326
167.34999999999712 -68.55000000000122
167.2999999999971 -68.45000000000122
167.2499999999971 -68.35000000000123
167.2499999999971 -29.950000000003268
167.1999999999971 -30.15000000000327
167.09999999999707 -30.600000000003277
167.04999999999706 -68.00000000000125
166.99999999999704 -67.90000000000126
166.99999999999704 -31.050000000003283
166.94999999999703 -67.80000000000126
166.89999999999702 -67.70000000000127
166.89999999999702 -31.50000000000329
166.849999999997 -67.60000000000127
166.799999999997 -31.950000000003296
166.749999999997 -32.200000000003286
166.69999999999698 -32.400000000003274
166.64999999999696 -67.1500000000013
166.64999999999696 -32.65000000000326
166.59999999999695 -67.0500000000013
166.59999999999695 -32.900000000003246
166.54999999999694 -66.95000000000131
166.44999999999692 -66.70000000000132
166.44999999999692 -33.600000000003206
166.3999999999969 -66.60000000000133
166.3999999999969 -33.85000000000319
166.3499999999969 -34.10000000000318
166.29999999999688 -66.35000000000134
166.29999999999688 -34.35000000000316
166.24999999999687 -66.25000000000135
166.24999999999687 -34.60000000000315
166.19999999999686 -66.10000000000136
166.19999999999686 -34.850000000003135
166.09999999999684 -65.85000000000137
166.09999999999684 -35.400000000003104
166.04999999999683 -65.70000000000138
166.04999999999683 -35.65000000000309
165.99999999999682 -65.60000000000139
165.99999999999682 -35.900000000003075
165.9499999999968 -65.4500000000014
165.9499999999968 -36.20000000000306
165.8999999999968 -65.3000000000014
165.8999999999968 -36.450000000003044
165.84999999999678 -65.15000000000141
165.84999999999678 -36.75000000000303
165.79999999999677 -65.00000000000142
165.79999999999677 -37.00000000000301
165.74999999999676 -64.85000000000143
165.74999999999676 -37.300000000002996
165.69999999999675 -64.70000000000144
165.69999999999675 -37.60000000000298
165.64999999999674 -64.55000000000145
165.64999999999674 -37.850000000002964
165.59999999999673 -64.40000000000146
165.59999999999673 -38.15000000000295
165.54999999999671 -64.20000000000147
165.54999999999671 -38.45000000000293
165.4999999999967 -64.05000000000148
165.4999999999967 -38.75000000000291
165.4499999999967 -63.900000000001484
165.4499999999967 -39.050000000002896
165.39999999999668 -63.700000000001495
165.39999999999668 -39.400000000002876
165.34999999999667 -63.500000000001506
165.34999999999667 -39.70000000000286
165.29999999999666 -63.350000000001515
165.29999999999666 -40.05000000000284
165.29999999999666 -40.00000000000284
165.24999999999665 -63.150000000001526
165.24999999999665 -40.35000000000282
165.19999999999663 -62.95000000000154
165.19999999999663 -40.7000000000028
165.14999999999662 -62.75000000000155
165.14999999999662 -62.70000000000155
165.14999999999662 -41.05000000000278
165.0999999999966 -62.50000000000156
165.0999999999966 -41.40000000000276
165.0499999999966 -62.300000000001575
165.0499999999966 -41.75000000000274
164.9999999999966 -62.05000000000159
164.9999999999966 -42.10000000000272
164.94999999999658 -61.8500000000016
164.94999999999658 -61.8000000000016
164.94999999999658 -42.5000000000027
164.89999999999657 -61.600000000001614
164.89999999999657 -61.55000000000162
164.89999999999657 -42.90000000000268
164.89999999999657 -42.85000000000268
164.84999999999656 -61.35000000000163
164.84999999999656 -61.30000000000163
164.84999999999656 -43.300000000002655
164.84999999999656 -43.25000000000266
164.79999999999654 -61.050000000001646
164.79999999999654 -43.70000000000263
164.79999999999654 -43.650000000002635
164.74999999999653 -60.75000000000166
164.74999999999653 -44.10000000000261
164.69999999999652 -60.45000000000168
164.69999999999652 -44.55000000000258
164.6499999999965 -60.1500000000017
164.6499999999965 -60.1000000000017
164.6499999999965 -45.050000000002555
164.6499999999965 -45.00000000000256
164.5999999999965 -59.80000000000172
164.5999999999965 -59.75000000000172
164.5999999999965 -45.50000000000253
164.5999999999965 -45.45000000000253
164.5499999999965 -59.45000000000174
164.5499999999965 -59.40000000000174
164.5499999999965 -46.0000000000025
164.5499999999965 -45.950000000002504
164.49999999999648 -59.05000000000176
164.49999999999648 -59.00000000000176
164.49999999999648 -46.55000000000247
164.49999999999648 -46.50000000000247
164.44999999999646 -58.600000000001785
164.44999999999646 -58.55000000000179
164.44999999999646 -47.150000000002436
164.44999999999646 -47.10000000000244
164.39999999999645 -58.15000000000181
164.39999999999645 -58.10000000000181
164.39999999999645 -58.050000000001816
164.39999999999645 -47.8000000000024
164.39999999999645 -47.7500000000024
164.39999999999645 -47.700000000002404
164.34999999999644 -57.60000000000184
164.34999999999644 -57.550000000001845
164.34999999999644 -57.50000000000185
164.34999999999644 -48.50000000000236
164.34999999999644 -48.45000000000236
164.34999999999644 -48.400000000002365
164.29999999999643 -56.95000000000188
164.29999999999643 -56.90000000000188
164.29999999999643 -56.850000000001884
164.29999999999643 -49.30000000000231
164.29999999999643 -49.250000000002316
164.29999999999643 -49.20000000000232
164.29999999999643 -49.15000000000232
164.24999999999642 -56.150000000001924
164.24999999999642 -56.10000000000193
164.24999999999642 -56.05000000000193
164.24999999999642 -56.00000000000193
164.24999999999642 -50.30000000000226
164.24999999999642 -50.25000000000226
164.24999999999642 -50.20000000000226
164.24999999999642 -50.150000000002265
164.24999999999642 -50.10000000000227
164.1999999999964 -54.95000000000199
164.1999999999964 -54.900000000001995
164.1999999999964 -54.850000000002
164.1999999999964 -54.800000000002
164.1999999999964 -54.750000000002004
164.1999999999964 -54.70000000000201
164.1999999999964 -54.65000000000201
164.1999999999964 -54.60000000000201
164.1999999999964 -51.80000000000217
164.1999999999964 -51.750000000002174
164.1999999999964 -51.70000000000218
164.1999999999964 -51.65000000000218
164.1999999999964 -51.60000000000218
164.1999999999964 -51.550000000002186
164.1999999999964 -51.50000000000219
164.1999999999964 -51.45000000000219
-53.20000000000579 -54.95000000000199
-53.20000000000579 -54.900000000001995
-53.20000000000579 -54.850000000002
-53.20000000000579 -54.800000000002
-53.20000000000579 -54.750000000002004
-53.20000000000579 -54.70000000000201
-53.20000000000579 -54.65000000000201
-53.20000000000579 -54.60000000000201
-53.20000000000579 -51.80000000000217
-53.20000000000579 -51.750000000002174
-53.20000000000579 -51.70000000000218
-53.20000000000579 -51.65000000000218
-53.20000000000579 -51.60000000000218
-53.20000000000579 -51.550000000002186
-53.20000000000579 -51.50000000000219
-53.20000000000579 -51.45000000000219
-53.250000000005784 -56.150000000001924
-53.250000000005784 -56.10000000000193
-53.250000000005784 -56.05000000000193
-53.250000000005784 -56.00000000000193
-53.250000000005784 -50.30000000000226
-53.250000000005784 -50.25000000000226
-53.250000000005784 -50.20000000000226
-53.250000000005784 -50.150000000002265
-53.250000000005784 -50.10000000000227
-53.30000000000578 -56.95000000000188
-53.30000000000578 -56.90000000000188
-53.30000000000578 -56.850000000001884
-53.30000000000578 -49.30000000000231
-53.30000000000578 -49.250000000002316
-53.30000000000578 -49.20000000000232
-53.30000000000578 -49.15000000000232
-53.35000000000578 -57.60000000000184
-53.35000000000578 -57.550000000001845
-53.35000000000578 -57.50000000000185
-53.35000000000578 -48.50000000000236
-53.35000000000578 -48.45000000000236
-53.35000000000578 -48.400000000002365
-53.400000000005775 -58.15000000000181
-53.400000000005775 -58.10000000000181
-53.400000000005775 -58.050000000001816
-53.400000000005775 -47.8000000000024
-53.400000000005775 -47.7500000000024
-53.400000000005775 -47.700000000002404
-53.45000000000577 -58.600000000001785
-53.45000000000577 -58.55000000000179
-53.45000000000577 -47.150000000002436
-53.45000000000577 -47.10000000000244
-53.50000000000577 -59.05000000000176
-53.50000000000577 -59.00000000000176
-53.50000000000577 -46.55000000000247
-53.50000000000577 -46.50000000000247
-53.55000000000577 -59.45000000000174
-53.55000000000577 -59.40000000000174
-53.55000000000577 -46.0000000000025
-53.55000000000577 -45.950000000002504
-53.600000000005764 -59.80000000000172
-53.600000000005764 -59.75000000000172
-53.600000000005764 -45.50000000000253
-53.600000000005764 -45.45000000000253
-53.65000000000576 -60.1500000000017
-53.65000000000576 -60.1000000000017
-53.65000000000576 -45.050000000002555
-53.65000000000576 -45.00000000000256
-53.70000000000576 -60.45000000000168
-53.70000000000576 -44.55000000000258
-53.750000000005755 -60.75000000000166
-53.750000000005755 -44.10000000000261
-53.80000000000575 -61.050000000001646
-53.80000000000575 -43.70000000000263
-53.80000000000575 -43.650000000002635
-53.85000000000575 -61.35000000000163
-53.85000000000575 -61.30000000000163
-53.85000000000575 -43.300000000002655
-53.85000000000575 -43.25000000000266
-53.90000000000575 -61.600000000001614
-53.90000000000575 -61.55000000000162
-53.90000000000575 -42.90000000000268
-53.90000000000575 -42.85000000000268
-53.950000000005744 -61.8500000000016
-53.950000000005744 -61.8000000000016
-53.950000000005744 -42.5000000000027
-54.00000000000574 -62.05000000000159
-54.00000000000574 -42.10000000000272
-54.05000000000574 -62.300000000001575
-54.05000000000574 -41.75000000000274
-54.100000000005736 -62.50000000000156
-54.100000000005736 -41.40000000000276
-54.15000000000573 -62.75000000000155
-54.15000000000573 -62.70000000000155
-54.15000000000573 -41.05000000000278
-54.20000000000573 -62.95000000000154
-54.20000000000573 -40.7000000000028
-54.25000000000573 -63.150000000001526
-54.25000000000573 -40.35000000000282
-54.300000000005724 -63.350000000001515
-54.300000000005724 -40.05000000000284
-54.300000000005724 -40.00000000000284
-54.35000000000572 -63.500000000001506
-54.35000000000572 -39.70000000000286
-54.40000000000572 -63.700000000001495
-54.40000000000572 -39.400000000002876
-54.450000000005716 -63.900000000001484
-54.450000000005716 -39.050000000002896
-54.50000000000571 -64.05000000000148
-54.50000000000571 -38.75000000000291
-54.55000000000571 -64.20000000000147
-54.55000000000571 -38.45000000000293
-54.60000000000571 -64.40000000000146
-54.60000000000571 -38.15000000000295
-54.650000000005704 -64.55000000000145
-54.650000000005704 -37.850000000002964
-54.7000000000057 -64.70000000000144
-54.7000000000057 -37.60000000000298
-54.7500000000057 -64.85000000000143
-54.7500000000057 -37.300000000002996
-54.800000000005696 -65.00000000000142
-54.800000000005696 -37.00000000000301
-54.85000000000569 -65.15000000000141
-54.85000000000569 -36.75000000000303
-54.90000000000569 -65.3000000000014
-54.90000000000569 -36.450000000003044
-54.95000000000569 -65.4500000000014
-54.95000000000569 -36.20000000000306
-55.000000000005684 -65.60000000000139
-55.000000000005684 -35.900000000003075
-55.05000000000568 -65.70000000000138
-55.05000000000568 -35.65000000000309
-55.10000000000568 -65.85000000000137
-55.10000000000568 -35.400000000003104
-55.20000000000567 -66.10000000000136
-55.20000000000567 -34.850000000003135
-55.25000000000567 -66.25000000000135
-55.25000000000567 -34.60000000000315
-55.30000000000567 -66.35000000000134
-55.30000000000567 -34.35000000000316
-55.350000000005664 -34.10000000000318
-55.40000000000566 -66.60000000000133
-55.40000000000566 -33.85000000000319
-55.45000000000566 -66.70000000000132
-55.45000000000566 -33.600000000003206
-55.55000000000565 -66.95000000000131
-55.60000000000565 -67.0500000000013
-55.60000000000565 -32.900000000003246
-55.65000000000565 -67.1500000000013
-55.65000000000565 -32.65000000000326
-55.700000000005645 -32.400000000003274
-55.75000000000564 -32.200000000003286
-55.80000000000564 -31.950000000003296
-55.850000000005636 -67.60000000000127
-55.90000000000563 -67.70000000000127
-55.90000000000563 -31.50000000000329
-55.95000000000563 -67.80000000000126
-56.00000000000563 -67.90000000000126
-56.00000000000563 -31.050000000003283
-56.050000000005625 -68.00000000000125
-56.10000000000562 -30.600000000003277
-56.200000000005616 -30.15000000000327
-56.25000000000561 -68.35000000000123
-56.25000000000561 -29.950000000003268
-56.30000000000561 -68.45000000000122
-56.35000000000561 -68.55000000000122
-56.400000000005605 -29.30000000000326
-56.4500000000056 -29.100000000003256
-56.5000000000056 -68.8000000000012
-56.5000000000056 -28.900000000003253
-56.550000000005596 -68.9000000000012
-56.65000000000559 -69.05000000000119
-56.65000000000559 -28.250000000003244
-56.70000000000559 -69.15000000000119
-56.70000000000559 -28.05000000000324
-56.750000000005585 -27.850000000003238
-56.80000000000558 -69.30000000000118
-56.80000000000558 -27.650000000003235
-56.85000000000558 -69.40000000000117
-56.85000000000558 -27.450000000003232
-56.900000000005576 -69.45000000000117
-56.900000000005576 -27.25000000000323
-56.95000000000557 -69.55000000000116
-56.95000000000557 -27.050000000003227
-57.00000000000557 -26.850000000003224
-57.05000000000557 -69.70000000000115
-57.05000000000557 -26.65000000000322
-57.15000000000556 -69.85000000000115
-57.250000000005556 -70.00000000000114
-57.250000000005556 -25.90000000000321
-57.300000000005554 -25.700000000003207
-57.35000000000555 -70.15000000000113
-57.35000000000555 -25.500000000003205
-57.40000000000555 -70.20000000000113
-57.50000000000554 -70.35000000000112
-57.50000000000554 -24.950000000003197
-57.55000000000554 -24.750000000003194
-57.650000000005534 -70.5500000000011
-57.650000000005534 -24.40000000000319
-57.70000000000553 -24.200000000003186
-57.800000000005525 -70.7500000000011
-57.800000000005525 -23.85000000000318
-57.85000000000552 -23.65000000000318
-57.95000000000552 -70.95000000000108
-57.95000000000552 -23.300000000003173
-58.000000000005514 -71.00000000000108
-58.05000000000551 -22.95000000000317
-58.150000000005505 -71.20000000000107
-58.150000000005505 -22.600000000003163
-58.2000000000055 -71.25000000000107
-58.2500000000055 -22.25000000000316
-58.350000000005494 -21.900000000003153
-58.40000000000549 -71.50000000000105
-58.45000000000549 -71.55000000000105
-58.45000000000549 -21.55000000000315
-58.500000000005485 -71.60000000000105
-58.500000000005485 -21.400000000003146
-58.60000000000548 -21.05000000000314
-58.75000000000547 -71.90000000000103
-58.75000000000547 -20.550000000003134
-58.80000000000547 -71.95000000000103
-58.850000000005465 -72.00000000000102
-58.90000000000546 -72.05000000000102
-58.90000000000546 -20.050000000003127
-58.95000000000546 -72.10000000000102
-58.95000000000546 -19.900000000003125
-59.00000000000546 -72.15000000000101
-59.10000000000545 -19.400000000003118
-59.15000000000545 -19.250000000003116
-59.35000000000544 -18.600000000003106
-59.400000000005434 -18.450000000003104
-59.45000000000543 -18.300000000003102
-59.70000000000542 -72.85000000000097
-59.750000000005414 -72.90000000000097
-59.80000000000541 -72.95000000000097
-59.80000000000541 -17.200000000003087
-59.85000000000541 -73.00000000000097
-59.85000000000541 -17.050000000003084
-59.900000000005406 -73.05000000000096
-59.900000000005406 -16.900000000003082
-59.9500000000054 -73.10000000000096
-59.9500000000054 -16.75000000000308
-60.0000000000054 -73.15000000000096
-60.0000000000054 -16.600000000003078
-60.0500000000054 -16.450000000003076
-60.100000000005394 -16.300000000003074
-60.15000000000539 -16.15000000000307
-60.20000000000539 -16.00000000000307
-60.250000000005386 -15.850000000003067
-60.30000000000538 -73.40000000000094
-60.35000000000538 -73.45000000000094
-60.40000000000538 -73.50000000000094
-60.65000000000536 -73.70000000000093
-60.65000000000536 -14.700000000003051
-60.70000000000536 -73.75000000000092
-60.70000000000536 -14.550000000003049
-60.75000000000536 -14.400000000003047
-60.90000000000535 -73.90000000000092
-60.950000000005346 -73.95000000000091
-60.950000000005346 -13.850000000003039
-61.00000000000534 -13.700000000003037
-61.150000000005335 -74.1000000000009
-61.20000000000533 -74.1500000000009
-61.20000000000533 -13.150000000003029
-61.40000000000532 -74.30000000000089
-61.40000000000532 -12.600000000003021
-61.55000000000531 -12.200000000003016
-61.60000000000531 -74.45000000000088
-61.60000000000531 -12.050000000003013
-61.7000000000053 -11.80000000000301
-61.7500000000053 -74.55000000000088
-61.7500000000053 -11.650000000003008
-61.8000000000053 -74.60000000000088
-61.850000000005295 -11.400000000003004
-61.95000000000529 -74.70000000000087
-62.000000000005286 -11.000000000002998
-62.10000000000528 -74.80000000000086
-62.15000000000528 -74.85000000000086
-62.15000000000528 -10.600000000002993
-62.25000000000527 -10.35000000000299
-62.30000000000527 -74.95000000000086
-62.35000000000527 -10.100000000002986
-62.45000000000526 -75.05000000000085
-62.60000000000525 -75.15000000000084
-62.60000000000525 -9.450000000002976
-62.70000000000525 -75.20000000000084
-62.70000000000525 -9.200000000002973
-62.80000000000524 -8.95000000000297
-62.85000000000524 -75.30000000000084
-62.900000000005235 -8.700000000002966
-63.00000000000523 -75.40000000000083
-63.15000000000522 -75.50000000000082
-63.15000000000522 -8.100000000002957
-63.250000000005215 -75.55000000000082
-63.250000000005215 -7.850000000002956
-63.40000000000521 -75.65000000000082
-63.5000000000052 -75.70000000000081
-63.5000000000052 -7.2500000000029585
-63.65000000000519 -75.80000000000081
-63.65000000000519 -6.90000000000296
-63.75000000000519 -75.8500000000008
-63.800000000005184 -6.550000000002961
-63.85000000000518 -75.9000000000008
-63.950000000005176 -6.200000000002962
-64.00000000000517 -76.0000000000008
-64.10000000000517 -76.0500000000008
-64.10000000000517 -5.8500000000029635
-64.20000000000516 -76.10000000000079
-64.25000000000516 -5.500000000002965
-64.45000000000515 -5.050000000002966
-64.55000000000514 -76.30000000000078
-64.65000000000514 -76.35000000000078
-64.65000000000514 -4.600000000002968
-64.75000000000513 -76.40000000000077
-64.85000000000512 -76.45000000000077
-64.90000000000512 -4.05000000000297
-64.95000000000512 -76.50000000000077
-65.05000000000511 -76.55000000000076
-65.15000000000511 -76.60000000000076
-65.15000000000511 -3.500000000002972
-65.2000000000051 -3.400000000002972
-65.2500000000051 -76.65000000000076
-65.3500000000051 -76.70000000000076
-65.45000000000509 -76.75000000000075
-65.50000000000509 -2.7500000000029745
-65.55000000000508 -76.80000000000075
-65.55000000000508 -2.650000000002975
-65.65000000000508 -76.85000000000075
-65.75000000000507 -76.90000000000074
-65.85000000000507 -76.95000000000074
-66.00000000000506 -1.700000000002977
-66.05000000000506 -1.6000000000029768
-66.10000000000505 -1.5000000000029767
-66.15000000000505 -1.4000000000029766
-66.20000000000505 -77.10000000000073
-66.20000000000505 -1.3000000000029766
-66.25000000000504 -1.2000000000029765
-66.30000000000504 -77.15000000000073
-66.40000000000504 -77.20000000000073
-66.75000000000502 -77.35000000000072
-66.85000000000501 -77.40000000000072
-66.90000000000501 0.0999999999970241
-66.950000000005 0.1999999999970241
-67.000000000005 0.2999999999970241
-67.050000000005 0.39999999999702407
-67.100000000005 -77.50000000000071
-67.100000000005 0.49999999999702405
-67.150000000005 0.5999999999970241
-67.20000000000499 -77.55000000000071
-67.35000000000498 -77.6000000000007
-67.45000000000498 -77.6500000000007
-67.60000000000497 1.4499999999970248
-67.65000000000497 1.5499999999970249
-67.70000000000496 -77.7500000000007
-67.70000000000496 1.649999999997025
-67.95000000000495 -77.85000000000069
-68.00000000000495 2.199999999997025
-68.05000000000494 2.2999999999970244
-68.10000000000494 -77.90000000000069
-68.20000000000493 -77.95000000000068
-68.35000000000493 -78.00000000000068
-68.35000000000493 2.8499999999970225
-68.60000000000491 -78.10000000000068
-68.60000000000491 3.299999999997021
-68.7500000000049 -78.15000000000067
-68.8500000000049 3.7499999999970193
-68.9000000000049 -78.20000000000067
-69.05000000000489 4.099999999997018
-69.15000000000488 -78.30000000000067
-69.25000000000487 4.449999999997017
-69.30000000000487 -78.35000000000066
-69.45000000000486 -78.40000000000066
-69.45000000000486 4.7999999999970155
-69.60000000000485 -78.45000000000066
-69.60000000000485 5.049999999997015
-69.75000000000485 -78.50000000000065
-69.90000000000484 -78.55000000000065
-69.95000000000483 5.6499999999970125
-70.05000000000483 -78.60000000000065
-70.10000000000483 5.899999999997012
-70.20000000000482 -78.65000000000065
-70.35000000000481 -78.70000000000064
-70.5000000000048 -78.75000000000064
-70.5000000000048 6.549999999997009
-70.6500000000048 -78.80000000000064
-70.6500000000048 6.799999999997008
-70.80000000000479 -78.85000000000063
-70.90000000000478 7.199999999997007
-71.15000000000477 -78.95000000000063
-71.15000000000477 7.599999999997006
-71.25000000000476 7.749999999997005
-71.30000000000476 -79.00000000000063
-71.50000000000475 8.149999999997005
-71.60000000000474 8.299999999997008
-71.65000000000474 -79.10000000000062
-71.70000000000474 8.44999999999701
-71.80000000000473 -79.15000000000062
-72.00000000000472 -79.20000000000061
-72.15000000000471 -79.25000000000061
-72.3500000000047 -79.30000000000061
-72.50000000000469 -79.3500000000006
-72.60000000000468 9.799999999997029
-72.70000000000468 -79.4000000000006
-72.70000000000468 9.949999999997031
-72.80000000000467 10.099999999997033
-72.90000000000467 -79.4500000000006
-73.05000000000466 -79.5000000000006
-73.15000000000465 10.59999999999704
-73.25000000000465 -79.5500000000006
-73.25000000000465 10.749999999997042
-73.45000000000464 -79.60000000000059
-73.50000000000463 11.099999999997047
-73.65000000000462 -79.65000000000059
-73.75000000000462 11.449999999997052
-73.85000000000461 -79.70000000000059
-74.0000000000046 11.799999999997057
-74.0500000000046 -79.75000000000058
-74.1500000000046 11.99999999999706
-74.25000000000459 -79.80000000000058
-74.30000000000459 12.199999999997063
-74.45000000000458 -79.85000000000058
-74.65000000000457 -79.90000000000057
-74.85000000000456 -79.95000000000057
-75.05000000000454 13.199999999997077
-75.10000000000454 -80.00000000000057
-75.20000000000454 13.39999999999708
-75.30000000000453 -80.05000000000057
-75.50000000000452 -80.10000000000056
-75.55000000000452 13.849999999997086
-75.7500000000045 -80.15000000000056
-75.7500000000045 14.09999999999709
-75.9500000000045 -80.20000000000056
-76.20000000000448 -80.25000000000055
-76.35000000000447 14.8499999999971
-76.40000000000447 -80.30000000000055
-76.55000000000446 15.099999999997104
-76.65000000000445 -80.35000000000055
-76.80000000000445 15.399999999997108
-76.90000000000444 -80.40000000000055
-77.05000000000443 15.699999999997113
-77.15000000000443 -80.45000000000054
-77.30000000000442 15.999999999997117
-77.35000000000441 16.049999999997116
-77.40000000000441 -80.50000000000054
-77.6000000000044 16.34999999999712
-77.6500000000044 -80.55000000000054
-77.6500000000044 16.39999999999712
-77.90000000000438 -80.60000000000053
-77.95000000000438 16.749999999997126
-78.15000000000437 -80.65000000000053
-78.30000000000436 17.14999999999713
-78.35000000000436 17.199999999997132
-78.40000000000435 -80.70000000000053
-78.65000000000434 -80.75000000000053
-78.70000000000434 -80.75000000000053
-78.75000000000433 17.64999999999714
-78.80000000000433 17.69999999999714
-78.95000000000432 -80.80000000000052
-79.20000000000431 -80.85000000000052
-79.3500000000043 18.299999999997148
-79.4000000000043 18.34999999999715
-79.50000000000429 -80.90000000000052
-79.80000000000427 -80.95000000000051
-80.05000000000426 -81.00000000000051
-80.10000000000426 -81.00000000000051
-80.35000000000424 -81.05000000000051
-80.35000000000424 19.349999999997163
-80.40000000000424 19.399999999997164
-80.45000000000424 19.449999999997164
-80.50000000000423 19.499999999997165
-80.55000000000423 19.549999999997166
-80.60000000000423 19.599999999997166
-80.65000000000423 -81.1000000000005
-80.65000000000423 19.649999999997167
-80.70000000000422 19.699999999997168
-80.75000000000422 19.74999999999717
-80.80000000000422 19.79999999999717
-80.85000000000421 19.84999999999717
-80.90000000000421 19.89999999999717
-80.95000000000421 -81.1500000000005
-80.95000000000421 19.94999999999717
-81.0000000000042 -81.1500000000005
-81.0000000000042 19.999999999997172
-81.0500000000042 20.049999999997173
-81.1000000000042 20.099999999997173
-81.1500000000042 20.149999999997174
-81.2000000000042 20.199999999997175
-81.25000000000419 20.249999999997176
-81.30000000000419 -81.2000000000005
-81.30000000000419 20.299999999997176
-81.35000000000419 20.349999999997177
-81.60000000000417 -81.2500000000005
-81.90000000000416 -81.3000000000005
-82.25000000000414 -81.35000000000049
-82.35000000000413 21.29999999999719
-82.40000000000413 21.34999999999719
-82.45000000000412 21.399999999997192
-82.55000000000412 -81.40000000000049
-82.60000000000412 -81.40000000000049
-82.9000000000041 -81.45000000000049
-83.00000000000409 21.8999999999972
-83.05000000000409 21.9499999999972
-83.25000000000408 -81.50000000000048
-83.50000000000406 22.349999999997205
-83.60000000000406 -81.55000000000048
-83.90000000000404 22.69999999999721
-83.95000000000404 -81.60000000000048
-83.95000000000404 22.74999999999721
-84.00000000000404 -81.60000000000048
-84.30000000000402 23.049999999997215
-84.35000000000402 -81.65000000000047
-84.600000000004 23.29999999999722
-84.650000000004 23.34999999999722
-84.700000000004 -81.70000000000047
-84.95000000000398 23.599999999997223
-85.10000000000397 -81.75000000000047
-85.20000000000397 23.799999999997226
-85.50000000000395 -81.80000000000047
-85.50000000000395 24.04999999999723
-85.75000000000394 24.249999999997232
-85.90000000000393 -81.85000000000046
-86.00000000000392 24.449999999997235
-86.25000000000391 24.649999999997238
-86.3000000000039 -81.90000000000046
-86.4500000000039 24.79999999999724
-86.70000000000388 -81.95000000000046
-86.70000000000388 24.999999999997243
-86.90000000000387 25.149999999997245
-87.10000000000386 -82.00000000000045
-87.10000000000386 25.299999999997247
-87.15000000000386 -82.00000000000045
-87.30000000000385 25.44999999999725
-87.50000000000384 25.59999999999725
-87.55000000000383 -82.05000000000045
-87.60000000000383 -82.05000000000045
-87.70000000000383 25.749999999997254
-88.00000000000381 -82.10000000000045
-88.0500000000038 -82.10000000000045
-88.2500000000038 26.14999999999726
-88.45000000000378 -82.15000000000045
-88.50000000000378 -82.15000000000045
-88.60000000000377 26.399999999997263
-88.75000000000377 26.499999999997264
-88.95000000000375 -82.20000000000044
-89.10000000000375 26.749999999997268
-89.25000000000374 26.84999999999727
-89.40000000000373 -82.25000000000044
-89.40000000000373 26.94999999999727
-89.45000000000373 -82.25000000000044
-89.55000000000372 27.049999999997272
-89.9000000000037 -82.30000000000044
-89.9500000000037 -82.30000000000044
-90.30000000000368 27.54999999999728
-90.40000000000367 -82.35000000000043
-90.45000000000367 -82.35000000000043
-90.45000000000367 27.64999999999728
-90.60000000000366 27.749999999997282
-90.90000000000364 -82.40000000000043
-90.95000000000364 -82.40000000000043
-91.00000000000364 27.999999999997286
-91.15000000000363 28.099999999997287
-91.40000000000362 28.24999999999729
-91.45000000000361 -82.45000000000043
-91.50000000000361 -82.45000000000043
-91.5500000000036 28.34999999999729
-91.80000000000359 28.499999999997293
-92.00000000000358 -82.50000000000043
-92.05000000000358 -82.50000000000043
-92.05000000000358 28.649999999997295
-92.30000000000356 28.799999999997297
-92.55000000000355 -82.55000000000042
-92.55000000000355 28.9499999999973
-92.60000000000355 -82.55000000000042
-92.80000000000354 29.0999999999973
-93.15000000000352 -82.60000000000042
-93.15000000000352 29.299999999997304
-93.20000000000351 -82.60000000000042
-93.5000000000035 29.499999999997307
-93.60000000000349 29.549999999997308
-93.75000000000348 -82.65000000000042
-93.80000000000348 -82.65000000000042
-93.95000000000347 29.74999999999731
-94.05000000000346 29.79999999999731
-94.35000000000345 -82.70000000000041
-94.40000000000344 -82.70000000000041
-94.50000000000344 30.049999999997315
-94.60000000000343 30.099999999997316
-95.00000000000341 -82.75000000000041
-95.05000000000341 -82.75000000000041
-95.35000000000339 30.49999999999732
-95.45000000000339 30.549999999997322
-95.55000000000338 30.599999999997323
-95.65000000000337 -82.80000000000041
-95.65000000000337 30.649999999997323
-95.70000000000337 -82.80000000000041
-95.75000000000337 30.699999999997324
-95.85000000000336 30.749999999997325
-95.95000000000336 30.799999999997326
-96.05000000000335 30.849999999997326
-96.15000000000335 30.899999999997327
-96.25000000000334 30.949999999997328
-96.35000000000333 -82.8500000000004
-96.35000000000333 30.99999999999733
-96.40000000000333 -82.8500000000004
-96.45000000000333 31.04999999999733
-96.55000000000332 31.09999999999733
-96.65000000000332 31.14999999999733
-97.0500000000033 -82.9000000000004
-97.10000000000329 -82.9000000000004
-97.50000000000327 31.549999999997336
-97.60000000000326 31.599999999997337
-97.80000000000325 -82.9500000000004
-97.85000000000325 -82.9500000000004
-98.05000000000324 31.79999999999734
-98.15000000000323 31.84999999999734
-98.55000000000321 -83.0000000000004
-98.6000000000032 -83.0000000000004
-98.6000000000032 32.04999999999734
-98.6500000000032 -83.0000000000004
-98.95000000000319 32.19999999999733
-99.30000000000317 32.34999999999732
-99.40000000000316 -83.0500000000004
-99.45000000000316 -83.0500000000004
-99.65000000000315 32.499999999997314
-99.90000000000313 32.59999999999731
-100.20000000000312 -83.10000000000039
-100.25000000000311 -83.10000000000039
-100.30000000000311 -83.10000000000039
-100.5000000000031 32.849999999997294
-101.10000000000306 -83.15000000000039
-101.15000000000306 -83.15000000000039
-101.15000000000306 33.09999999999728
-101.20000000000306 -83.15000000000039
-101.40000000000305 33.199999999997274
-101.80000000000302 33.349999999997266
-102.05000000000301 -83.20000000000039
-102.100000000003 -83.20000000000039
-102.150000000003 -83.20000000000039
-102.35000000000299 33.549999999997254
-103.00000000000296 -83.25000000000038
-103.05000000000295 -83.25000000000038
-103.05000000000295 33.79999999999724
-103.10000000000295 -83.25000000000038
-103.20000000000294 33.84999999999724
-103.35000000000294 33.899999999997235
-103.50000000000293 33.94999999999723
-104.0500000000029 -83.30000000000038
-104.1000000000029 -83.30000000000038
-104.1000000000029 34.14999999999722
-104.15000000000289 -83.30000000000038
-104.25000000000288 34.19999999999722
-104.40000000000288 34.249999999997215
-104.55000000000287 34.29999999999721
-105.20000000000283 -83.35000000000038
-105.20000000000283 34.4999999999972
-105.25000000000283 -83.35000000000038
-105.30000000000283 -83.35000000000038
-105.35000000000282 34.5499999999972
-105.7000000000028 34.64999999999719
-105.8500000000028 34.69999999999719
-106.20000000000277 34.79999999999718
-106.40000000000276 -83.40000000000038
-106.45000000000276 -83.40000000000038
-106.50000000000276 -83.40000000000038
-106.55000000000275 34.89999999999718
-106.90000000000273 34.99999999999717
-107.10000000000272 35.04999999999717
-107.65000000000269 35.19999999999716
-107.70000000000269 -83.45000000000037
-107.75000000000269 -83.45000000000037
-107.80000000000268 -83.45000000000037
-107.85000000000268 -83.45000000000037
-107.85000000000268 35.24999999999716
-108.05000000000267 35.299999999997155
-108.25000000000266 35.34999999999715
-108.45000000000265 35.39999999999715
-108.65000000000263 35.44999999999715
-108.85000000000262 35.499999999997144
-109.05000000000261 35.54999999999714
-109.1500000000026 -83.50000000000037
-109.2000000000026 -83.50000000000037
-109.2500000000026 -83.50000000000037
-109.2500000000026 35.59999999999714
-109.3000000000026 -83.50000000000037
-109.70000000000258 35.69999999999713
-110.15000000000255 35.79999999999713
-110.60000000000252 35.89999999999712
-110.75000000000252 -83.55000000000037
-110.80000000000251 -83.55000000000037
-110.85000000000251 -83.55000000000037
-110.85000000000251 35.94999999999712
-110.9000000000025 -83.55000000000037
-111.1000000000025 35.999999999997115
-111.35000000000248 36.04999999999711
-111.60000000000247 36.09999999999711
-111.85000000000245 36.14999999999711
-112.10000000000244 36.199999999997104
-112.60000000000241 -83.60000000000036
-112.65000000000241 -83.60000000000036
-112.65000000000241 36.2999999999971
-112.7000000000024 -83.60000000000036
-112.7500000000024 -83.60000000000036
-112.8000000000024 -83.60000000000036
-112.95000000000239 36.349999999997095
-113.85000000000234 36.49999999999709
-114.15000000000232 36.549999999997084
-114.80000000000229 -83.65000000000036
-114.80000000000229 36.64999999999708
-114.85000000000228 -83.65000000000036
-114.90000000000228 -83.65000000000036
-114.95000000000228 -83.65000000000036
-115.00000000000227 -83.65000000000036
-115.05000000000227 -83.65000000000036
-115.10000000000227 -83.65000000000036
-115.15000000000227 36.699999999997075
-115.55000000000224 36.74999999999707
-115.90000000000222 36.79999999999707
-116.3000000000022 36.84999999999707
-116.75000000000217 36.899999999997064
-117.20000000000215 36.94999999999706
-117.65000000000212 36.99999999999706
-117.80000000000211 -83.70000000000036
-117.85000000000211 -83.70000000000036
-117.90000000000211 -83.70000000000036
-117.9500000000021 -83.70000000000036
-118.0000000000021 -83.70000000000036
-118.0500000000021 -83.70000000000036
-118.1000000000021 -83.70000000000036
-118.1500000000021 -83.70000000000036
-118.1500000000021 37.049999999997056
-118.20000000000209 -83.70000000000036
-118.20000000000209 37.049999999997056
-118.25000000000209 -83.70000000000036
-118.75000000000206 37.09999999999705
-119.35000000000203 37.14999999999705
-119.40000000000202 37.14999999999705
-120.05000000000199 37.19999999999705
-120.10000000000198 37.19999999999705
-120.90000000000194 37.249999999997044
-120.95000000000194 37.249999999997044
-122.00000000000188 37.29999999999704
-122.05000000000187 37.29999999999704
-122.10000000000187 37.29999999999704
-126.9000000000016 37.29999999999704
-126.9500000000016 37.29999999999704
-127.00000000000159 37.29999999999704
-128.05000000000155 37.249999999997044
-128.10000000000156 37.249999999997044
-128.90000000000174 37.19999999999705
-128.95000000000175 37.19999999999705
-129.6000000000019 37.14999999999705
-129.6500000000019 37.14999999999705
-130.25000000000205 37.09999999999705
-130.75000000000216 -83.70000000000036
-130.80000000000217 -83.70000000000036
-130.80000000000217 37.049999999997056
-130.85000000000218 -83.70000000000036
-130.85000000000218 37.049999999997056
-130.9000000000022 -83.70000000000036
-130.9500000000022 -83.70000000000036
-131.00000000000222 -83.70000000000036
-131.05000000000223 -83.70000000000036
-131.10000000000224 -83.70000000000036
-131.15000000000225 -83.70000000000036
-131.20000000000226 -83.70000000000036
-131.3500000000023 36.99999999999706
-131.8000000000024 36.94999999999706
-132.2500000000025 36.899999999997064
-132.7000000000026 36.84999999999707
-133.1000000000027 36.79999999999707
-133.45000000000277 36.74999999999707
-133.85000000000286 36.699999999997075
-133.90000000000288 -83.65000000000036
-133.9500000000029 -83.65000000000036
-134.0000000000029 -83.65000000000036
-134.0500000000029 -83.65000000000036
-134.10000000000292 -83.65000000000036
-134.15000000000293 -83.65000000000036
-134.20000000000294 -83.65000000000036
-134.20000000000294 36.64999999999708
-134.8500000000031 36.549999999997084
-135.15000000000316 36.49999999999709
-136.05000000000337 36.349999999997095
-136.2000000000034 -83.60000000000036
-136.2500000000034 -83.60000000000036
-136.30000000000342 -83.60000000000036
-136.35000000000343 -83.60000000000036
-136.35000000000343 36.2999999999971
-136.40000000000344 -83.60000000000036
-136.90000000000356 36.199999999997104
-137.15000000000362 36.14999999999711
-137.40000000000367 36.09999999999711
-137.65000000000373 36.04999999999711
-137.90000000000379 35.999999999997115
-138.10000000000383 -83.55000000000037
-138.15000000000384 -83.55000000000037
-138.15000000000384 35.94999999999712
-138.20000000000385 -83.55000000000037
-138.25000000000387 -83.55000000000037
-138.4000000000039 35.89999999999712
-138.850000000004 35.79999999999713
-139.3000000000041 35.69999999999713
-139.7000000000042 -83.50000000000037
-139.7500000000042 -83.50000000000037
-139.7500000000042 35.59999999999714
-139.80000000000422 -83.50000000000037
-139.85000000000423 -83.50000000000037
-139.95000000000425 35.54999999999714
-140.1500000000043 35.499999999997144
-140.35000000000434 35.44999999999715
-140.5500000000044 35.39999999999715
-140.75000000000443 35.34999999999715
-140.95000000000448 35.299999999997155
-141.15000000000452 -83.45000000000037
-141.15000000000452 35.24999999999716
-141.20000000000454 -83.45000000000037
-141.25000000000455 -83.45000000000037
-141.30000000000456 -83.45000000000037
-141.35000000000457 35.19999999999716
-141.9000000000047 35.04999999999717
-142.10000000000474 34.99999999999717
-142.45000000000482 34.89999999999718
-142.50000000000483 -83.40000000000038
-142.55000000000484 -83.40000000000038
-142.60000000000485 -83.40000000000038
-142.8000000000049 34.79999999999718
-143.15000000000498 34.69999999999719
-143.300000000005 34.64999999999719
-143.6500000000051 34.5499999999972
-143.7000000000051 -83.35000000000038
-143.75000000000512 -83.35000000000038
-143.80000000000513 -83.35000000000038
-143.80000000000513 34.4999999999972
-144.45000000000528 34.29999999999721
-144.6000000000053 34.249999999997215
-144.75000000000534 34.19999999999722
-144.85000000000537 -83.30000000000038
-144.90000000000538 -83.30000000000038
-144.90000000000538 34.14999999999722
-144.9500000000054 -83.30000000000038
-145.5000000000055 33.94999999999723
-145.65000000000555 33.899999999997235
-145.80000000000558 33.84999999999724
-145.9000000000056 -83.25000000000038
-145.95000000000562 -83.25000000000038
-145.95000000000562 33.79999999999724
-146.00000000000563 -83.25000000000038
-146.65000000000578 33.549999999997254
-146.85000000000582 -83.20000000000039
-146.90000000000583 -83.20000000000039
-146.95000000000584 -83.20000000000039
-147.2000000000059 33.349999999997266
-147.600000000006 33.199999999997274
-147.80000000000604 -83.15000000000039
-147.85000000000605 -83.15000000000039
-147.85000000000605 33.09999999999728
-147.90000000000606 -83.15000000000039
-148.5000000000062 32.849999999997294
-148.70000000000624 -83.10000000000039
-148.75000000000625 -83.10000000000039
-148.80000000000626 -83.10000000000039
-149.10000000000633 32.59999999999731
-149.3500000000064 32.499999999997314
-149.55000000000643 -83.0500000000004
-149.60000000000645 -83.0500000000004
-149.70000000000647 32.34999999999732
-150.05000000000655 32.19999999999733
-150.35000000000662 -83.0000000000004
-150.40000000000663 -83.0000000000004
-150.40000000000663 32.04999999999734
-150.45000000000664 -83.0000000000004
-150.85000000000673 31.84999999999734
-150.95000000000675 31.79999999999734
-151.1500000000068 -82.9500000000004
-151.2000000000068 -82.9500000000004
-151.40000000000686 31.599999999997337
-151.50000000000688 31.549999999997336
-151.90000000000697 -82.9000000000004
-151.95000000000698 -82.9000000000004
-152.35000000000707 31.14999999999733
-152.4500000000071 31.09999999999733
-152.55000000000712 31.04999999999733
-152.60000000000713 -82.8500000000004
-152.65000000000714 -82.8500000000004
-152.65000000000714 30.99999999999733
-152.75000000000716 30.949999999997328
-152.85000000000719 30.899999999997327
-152.9500000000072 30.849999999997326
-153.05000000000723 30.799999999997326
-153.15000000000725 30.749999999997325
-153.25000000000728 30.699999999997324
-153.3000000000073 -82.80000000000041
-153.3500000000073 -82.80000000000041
-153.3500000000073 30.649999999997323
-153.45000000000732 30.599999999997323
-153.55000000000734 30.549999999997322
-153.65000000000737 30.49999999999732
-153.95000000000744 -82.75000000000041
-154.00000000000745 -82.75000000000041
-154.40000000000754 30.099999999997316
-154.50000000000756 30.049999999997315
-154.60000000000758 -82.70000000000041
-154.6500000000076 -82.70000000000041
-154.95000000000766 29.79999999999731
-155.05000000000769 29.74999999999731
-155.20000000000772 -82.65000000000042
-155.25000000000773 -82.65000000000042
-155.40000000000776 29.549999999997308
-155.5000000000078 29.499999999997307
-155.80000000000786 -82.60000000000042
-155.85000000000787 -82.60000000000042
-155.85000000000787 29.299999999997304
-156.20000000000795 29.0999999999973
-156.400000000008 -82.55000000000042
-156.450000000008 -82.55000000000042
-156.450000000008 28.9499999999973
-156.70000000000806 28.799999999997297
-156.95000000000812 -82.50000000000043
-156.95000000000812 28.649999999997295
-157.00000000000813 -82.50000000000043
-157.20000000000817 28.499999999997293
-157.45000000000823 28.34999999999729
-157.50000000000824 -82.45000000000043
-157.55000000000825 -82.45000000000043
-157.60000000000827 28.24999999999729
-157.85000000000832 28.099999999997287
-158.00000000000836 27.999999999997286
-158.05000000000837 -82.40000000000043
-158.10000000000838 -82.40000000000043
-158.40000000000845 27.749999999997282
-158.55000000000848 -82.35000000000043
-158.55000000000848 27.64999999999728
-158.6000000000085 -82.35000000000043
-158.70000000000852 27.54999999999728
-159.0500000000086 -82.30000000000044
-159.1000000000086 -82.30000000000044
-159.45000000000869 27.049999999997272
-159.5500000000087 -82.25000000000044
-159.60000000000872 -82.25000000000044
-159.60000000000872 26.94999999999727
-159.75000000000875 26.84999999999727
-159.9000000000088 26.749999999997268
-160.05000000000882 -82.20000000000044
-160.25000000000887 26.499999999997264
-160.4000000000089 26.399999999997263
-160.50000000000892 -82.15000000000045
-160.55000000000894 -82.15000000000045
-160.75000000000898 26.14999999999726
-160.95000000000903 -82.10000000000045
-161.00000000000904 -82.10000000000045
-161.3000000000091 25.749999999997254
-161.40000000000913 -82.05000000000045
-161.45000000000914 -82.05000000000045
-161.50000000000915 25.59999999999725
-161.7000000000092 25.44999999999725
-161.85000000000923 -82.00000000000045
-161.90000000000924 -82.00000000000045
-161.90000000000924 25.299999999997247
-162.1000000000093 25.149999999997245
-162.30000000000933 -81.95000000000046
-162.30000000000933 24.999999999997243
-162.5500000000094 24.79999999999724
-162.70000000000942 -81.90000000000046
-162.75000000000944 24.649999999997238
-163.0000000000095 24.449999999997235
-163.10000000000952 -81.85000000000046
-163.25000000000955 24.249999999997232
-163.5000000000096 -81.80000000000047
-163.5000000000096 24.04999999999723
-163.80000000000967 23.799999999997226
-163.9000000000097 -81.75000000000047
-164.05000000000973 23.599999999997223
-164.3000000000098 -81.70000000000047
-164.3500000000098 23.34999999999722
-164.4000000000098 23.29999999999722
-164.65000000000987 -81.65000000000047
-164.70000000000988 23.049999999997215
-165.00000000000995 -81.60000000000048
-165.05000000000996 -81.60000000000048
-165.05000000000996 22.74999999999721
-165.10000000000997 22.69999999999721
-165.40000000001004 -81.55000000000048
-165.50000000001006 22.349999999997205
-165.75000000001012 -81.50000000000048
-165.95000000001016 21.9499999999972
-166.00000000001017 21.8999999999972
-166.1000000000102 -81.45000000000049
-166.40000000001027 -81.40000000000049
-166.45000000001028 -81.40000000000049
-166.5500000000103 21.399999999997192
-166.6000000000103 21.34999999999719
-166.65000000001032 21.29999999999719
-166.75000000001035 -81.35000000000049
-167.10000000001043 -81.3000000000005
-167.4000000000105 -81.2500000000005
-167.65000000001055 20.349999999997177
-167.70000000001056 -81.2000000000005
-167.70000000001056 20.299999999997176
-167.75000000001057 20.249999999997176
-167.80000000001058 20.199999999997175
-167.8500000000106 20.149999999997174
-167.9000000000106 20.099999999997173
-167.95000000001062 20.049999999997173
-168.00000000001063 -81.1500000000005
-168.00000000001063 19.999999999997172
-168.05000000001064 -81.1500000000005
-168.05000000001064 19.94999999999717
-168.10000000001065 19.89999999999717
-168.15000000001066 19.84999999999717
-168.20000000001068 19.79999999999717
-168.2500000000107 19.74999999999717
-168.3000000000107 19.699999999997168
-168.3500000000107 -81.1000000000005
-168.3500000000107 19.649999999997167
-168.40000000001072 19.599999999997166
-168.45000000001073 19.549999999997166
-168.50000000001074 19.499999999997165
-168.55000000001075 19.449999999997164
-168.60000000001077 19.399999999997164
-168.65000000001078 -81.05000000000051
-168.65000000001078 19.349999999997163
-168.90000000001083 -81.00000000000051
-168.95000000001085 -81.00000000000051
-169.2000000000109 -80.95000000000051
-169.50000000001097 -80.90000000000052
-169.600000000011 18.34999999999715
-169.650000000011 18.299999999997148
-169.80000000001104 -80.85000000000052
-170.0500000000111 -80.80000000000052
-170.20000000001113 17.69999999999714
-170.25000000001114 17.64999999999714
-170.30000000001115 -80.75000000000053
-170.35000000001116 -80.75000000000053
-170.60000000001122 -80.70000000000053
-170.65000000001123 17.199999999997132
-170.70000000001124 17.14999999999713
-170.85000000001128 -80.65000000000053
-171.05000000001132 16.749999999997126
-171.10000000001133 -80.60000000000053
-171.3500000000114 -80.55000000000054
-171.3500000000114 16.39999999999712
-171.4000000000114 16.34999999999712
-171.60000000001145 -80.50000000000054
-171.65000000001146 16.049999999997116
-171.70000000001147 15.999999999997117
-171.8500000000115 -80.45000000000054
-171.95000000001153 15.699999999997113
-172.10000000001156 -80.40000000000055
-172.20000000001158 15.399999999997108
-172.35000000001162 -80.35000000000055
-172.45000000001164 15.099999999997104
-172.60000000001168 -80.30000000000055
-172.6500000000117 14.8499999999971
-172.80000000001172 -80.25000000000055
-173.05000000001178 -80.20000000000056
-173.25000000001182 -80.15000000000056
-173.25000000001182 14.09999999999709
-173.45000000001187 13.849999999997086
-173.50000000001188 -80.10000000000056
-173.70000000001193 -80.05000000000057
-173.80000000001195 13.39999999999708
-173.90000000001197 -80.00000000000057
-173.95000000001198 13.199999999997077
-174.15000000001203 -79.95000000000057
-174.35000000001207 -79.90000000000057
-174.55000000001212 -79.85000000000058
-174.70000000001215 12.199999999997063
-174.75000000001216 -79.80000000000058
-174.8500000000122 11.99999999999706
-174.9500000000122 -79.75000000000058
-175.00000000001222 11.799999999997057
-175.15000000001226 -79.70000000000059
-175.25000000001228 11.449999999997052
-175.3500000000123 -79.65000000000059
-175.50000000001234 11.099999999997047
-175.55000000001235 -79.60000000000059
-175.7500000000124 -79.5500000000006
-175.7500000000124 10.749999999997042
-175.85000000001241 10.59999999999704
-175.95000000001244 -79.5000000000006
-176.10000000001247 -79.4500000000006
-176.2000000000125 10.099999999997033
-176.30000000001252 -79.4000000000006
-176.30000000001252 9.949999999997031
-176.40000000001254 9.799999999997029
-176.50000000001256 -79.3500000000006
-176.6500000000126 -79.30000000000061
-176.85000000001264 -79.25000000000061
-177.00000000001268 -79.20000000000061
-177.20000000001272 -79.15000000000062
-177.30000000001274 8.44999999999701
-177.35000000001276 -79.10000000000062
-177.40000000001277 8.299999999997008
-177.5000000000128 8.149999999997005
-177.70000000001284 -79.00000000000063
-177.75000000001285 7.749999999997005
-177.85000000001287 -78.95000000000063
-177.85000000001287 7.599999999997006
-178.10000000001293 7.199999999997007
-178.20000000001295 -78.85000000000063
-178.35000000001298 -78.80000000000064
-178.35000000001298 6.799999999997008
-178.50000000001302 -78.75000000000064
-178.50000000001302 6.549999999997009
-178.65000000001305 -78.70000000000064
-178.80000000001309 -78.65000000000065
-178.9000000000131 5.899999999997012
-178.95000000001312 -78.60000000000065
-179.05000000001314 5.6499999999970125
-179.10000000001315 -78.55000000000065
-179.2500000000132 -78.50000000000065
-179.40000000001322 -78.45000000000066
-179.40000000001322 5.049999999997015
-179.55000000001326 -78.40000000000066
-179.55000000001326 4.7999999999970155
-179.7000000000133 -78.35000000000066
-179.7500000000133 4.449999999997017
-179.85000000001332 -78.30000000000067
-179.95000000001335 4.099999999997018
